3.664005913295624861e-01
4.790502251644512821e-01
5.273067638682504832e-01
5.719401576938891729e-01
6.123177740600459495e-01
6.461850803496631546e-01
6.761239324524571659e-01
7.120459031348326251e-01
7.468659154455343785e-01
7.750046550197278172e-01
8.032145296693417036e-01
8.149144383359867572e-01
8.312333467765077311e-01
8.520065419209662538e-01
8.616668656843912144e-01
8.769218169610180080e-01
8.868257674184517603e-01
8.938160345117514005e-01
8.980369308119376948e-01
9.054910824195701036e-01
9.123376310202490069e-01
9.148730052421335524e-01
9.210665924225265311e-01
9.266712877637071077e-01
9.314615213825301332e-01
9.338954752915707980e-01
9.395174691750679541e-01
9.438277159370215275e-01
9.455811777171527766e-01
9.474880671296193047e-01
9.514605442732337881e-01
9.524659463806756099e-01
9.550031278048568550e-01
9.584317115390839081e-01
9.566281020639749721e-01
9.581018516080687109e-01
9.582696808561117496e-01
9.589431303131273898e-01
9.609266582216368091e-01
9.610124971794639093e-01
9.606036043859714768e-01
9.616593454973343391e-01
9.646246772876349018e-01
9.654971185350104124e-01
9.664258917287568140e-01
9.652848505403598400e-01
9.659504554874071003e-01
9.670029161584945410e-01
9.638030556700751816e-01
9.644837751925386948e-01
