1.410361842105263275e-01
2.092013888888888951e-01
2.326388888888888951e-01
2.452256944444444475e-01
2.712673611111111049e-01
2.703993055555555802e-01
2.725694444444444198e-01
2.821180555555555802e-01
2.816840277777777901e-01
2.951388888888888951e-01
2.717013888888888951e-01
2.760416666666666852e-01
2.760416666666666852e-01
2.725694444444444198e-01
2.942708333333333148e-01
2.799479166666666852e-01
2.795138888888888951e-01
2.747395833333333148e-01
2.838541666666666852e-01
2.703993055555555802e-01
2.921006944444444198e-01
2.721354166666666852e-01
2.769097222222222099e-01
2.808159722222222099e-01
2.799479166666666852e-01
2.769097222222222099e-01
2.808159722222222099e-01
2.834201388888888951e-01
2.890625000000000000e-01
2.769097222222222099e-01
2.916666666666666852e-01
2.777777777777777901e-01
2.712673611111111049e-01
2.764756944444444198e-01
2.855902777777777901e-01
2.738715277777777901e-01
2.808159722222222099e-01
2.699652777777777901e-01
2.960069444444444198e-01
2.838541666666666852e-01
2.890625000000000000e-01
2.847222222222222099e-01
2.868923611111111049e-01
2.894965277777777901e-01
2.799479166666666852e-01
2.756076388888888951e-01
2.838541666666666852e-01
2.782118055555555802e-01
2.947048611111111049e-01
2.760416666666666852e-01
