1.079545454545454558e-01
1.759615384615384748e-01
2.194711538461538436e-01
2.480769230769230838e-01
2.832932692307692513e-01
3.224759615384615308e-01
3.760817307692307931e-01
4.281249999999999778e-01
5.052884615384615197e-01
5.731971153846153744e-01
6.247596153846153300e-01
6.721153846153846700e-01
7.179086538461538769e-01
7.532451923076922684e-01
7.852163461538461675e-01
8.194711538461538769e-01
8.461538461538461453e-01
8.652644230769230838e-01
8.769230769230769162e-01
9.008413461538461453e-01
9.051682692307692069e-01
9.198317307692307487e-01
9.328125000000000444e-01
9.421874999999999556e-01
9.479567307692308153e-01
9.536057692307692291e-01
9.545673076923076872e-01
9.631009615384615863e-01
9.658653846153846256e-01
9.677884615384615419e-01
9.710336538461538103e-01
9.710336538461538103e-01
9.706730769230769162e-01
9.743990384615384137e-01
9.741586538461538547e-01
9.754807692307692069e-01
9.734374999999999556e-01
9.780048076923076872e-01
9.796875000000000444e-01
9.786057692307692513e-01
9.825721153846154188e-01
9.836538461538461009e-01
9.842548076923076650e-01
9.825721153846154188e-01
9.823317307692307487e-01
9.830528846153846478e-01
9.844951923076923350e-01
9.820913461538461897e-01
9.844951923076923350e-01
9.847355769230768940e-01
9.801682692307692735e-01
9.822115384615384137e-01
9.820913461538461897e-01
9.783653846153845812e-01
9.794471153846153744e-01
9.792067307692308153e-01
9.776442307692307931e-01
9.795673076923077094e-01
9.807692307692307265e-01
9.816105769230769607e-01
9.801682692307692735e-01
9.849759615384615641e-01
9.836538461538461009e-01
9.818509615384615197e-01
9.814903846153846256e-01
9.819711538461538547e-01
9.850961538461538991e-01
9.836538461538461009e-01
9.831730769230768718e-01
9.843750000000000000e-01
9.862980769230769162e-01
9.830528846153846478e-01
9.814903846153846256e-01
9.841346153846153300e-01
9.826923076923076428e-01
9.810096153846153966e-01
9.814903846153846256e-01
9.787259615384615863e-01
9.812499999999999556e-01
9.825721153846154188e-01
9.808894230769230616e-01
9.794471153846153744e-01
9.806490384615385025e-01
9.830528846153846478e-01
9.817307692307691847e-01
9.823317307692307487e-01
9.800480769230769384e-01
9.840144230769231060e-01
9.848557692307692291e-01
9.836538461538461009e-01
9.836538461538461009e-01
9.825721153846154188e-01
9.842548076923076650e-01
9.849759615384615641e-01
9.866586538461538103e-01
9.854567307692307931e-01
9.854567307692307931e-01
9.838942307692307709e-01
9.853365384615384581e-01
9.842548076923076650e-01
9.861778846153845812e-01
9.829326923076923128e-01
9.843750000000000000e-01
9.859375000000000222e-01
9.850961538461538991e-01
9.844951923076923350e-01
9.828124999999999778e-01
9.818509615384615197e-01
9.795673076923077094e-01
9.795673076923077094e-01
9.800480769230769384e-01
9.796875000000000444e-01
9.814903846153846256e-01
9.812499999999999556e-01
9.828124999999999778e-01
9.836538461538461009e-01
9.828124999999999778e-01
9.823317307692307487e-01
9.854567307692307931e-01
9.848557692307692291e-01
9.862980769230769162e-01
9.870192307692308153e-01
9.859375000000000222e-01
9.867788461538461453e-01
9.852163461538461231e-01
9.855769230769231282e-01
9.854567307692307931e-01
9.860576923076923572e-01
9.848557692307692291e-01
9.838942307692307709e-01
9.856971153846153522e-01
9.853365384615384581e-01
9.837740384615384359e-01
9.835336538461538769e-01
9.819711538461538547e-01
9.840144230769231060e-01
9.828124999999999778e-01
9.843750000000000000e-01
9.834134615384615419e-01
9.838942307692307709e-01
9.819711538461538547e-01
9.837740384615384359e-01
9.819711538461538547e-01
9.834134615384615419e-01
9.846153846153846700e-01
9.840144230769231060e-01
9.852163461538461231e-01
9.843750000000000000e-01
9.844951923076923350e-01
9.865384615384615863e-01
9.852163461538461231e-01
9.850961538461538991e-01
9.847355769230768940e-01
9.861778846153845812e-01
9.858173076923076872e-01
9.859375000000000222e-01
9.860576923076923572e-01
9.867788461538461453e-01
9.862980769230769162e-01
9.854567307692307931e-01
9.861778846153845812e-01
9.850961538461538991e-01
9.856971153846153522e-01
9.849759615384615641e-01
9.838942307692307709e-01
9.831730769230768718e-01
9.862980769230769162e-01
9.866586538461538103e-01
9.873798076923077094e-01
9.843750000000000000e-01
9.841346153846153300e-01
9.850961538461538991e-01
9.842548076923076650e-01
9.843750000000000000e-01
9.842548076923076650e-01
9.860576923076923572e-01
9.876201923076922684e-01
9.866586538461538103e-01
9.867788461538461453e-01
9.861778846153845812e-01
9.862980769230769162e-01
9.875000000000000444e-01
9.850961538461538991e-01
9.870192307692308153e-01
9.847355769230768940e-01
9.813701923076922906e-01
9.817307692307691847e-01
9.792067307692308153e-01
9.817307692307691847e-01
9.829326923076923128e-01
9.832932692307692069e-01
9.842548076923076650e-01
9.842548076923076650e-01
9.837740384615384359e-01
9.842548076923076650e-01
9.861778846153845812e-01
9.858173076923076872e-01
9.849759615384615641e-01
9.853365384615384581e-01
9.862980769230769162e-01
9.881009615384614975e-01
9.865384615384615863e-01
9.855769230769231282e-01
9.861778846153845812e-01
9.854567307692307931e-01
9.853365384615384581e-01
9.848557692307692291e-01
9.866586538461538103e-01
9.848557692307692291e-01
9.875000000000000444e-01
9.852163461538461231e-01
9.861778846153845812e-01
9.861778846153845812e-01
9.872596153846153744e-01
9.867788461538461453e-01
9.875000000000000444e-01
9.864182692307692513e-01
9.864182692307692513e-01
9.867788461538461453e-01
9.860576923076923572e-01
9.871394230769230393e-01
9.865384615384615863e-01
9.865384615384615863e-01
9.865384615384615863e-01
9.862980769230769162e-01
9.837740384615384359e-01
9.828124999999999778e-01
9.823317307692307487e-01
9.830528846153846478e-01
9.820913461538461897e-01
9.836538461538461009e-01
9.823317307692307487e-01
9.835336538461538769e-01
9.853365384615384581e-01
9.837740384615384359e-01
9.849759615384615641e-01
9.849759615384615641e-01
9.856971153846153522e-01
9.862980769230769162e-01
9.846153846153846700e-01
9.849759615384615641e-01
9.846153846153846700e-01
9.856971153846153522e-01
9.853365384615384581e-01
9.884615384615385025e-01
9.858173076923076872e-01
9.870192307692308153e-01
9.865384615384615863e-01
9.858173076923076872e-01
9.868990384615384803e-01
9.861778846153845812e-01
9.875000000000000444e-01
9.873798076923077094e-01
9.873798076923077094e-01
9.856971153846153522e-01
9.860576923076923572e-01
