3.134516091609068078e-01
3.682535200507799922e-01
3.924555560388194309e-01
4.524612026151426103e-01
4.980410102658173743e-01
5.301458701952805885e-01
5.507507417714245790e-01
5.705362258602028058e-01
5.973439157832520774e-01
6.128662943949226838e-01
6.331464526494406941e-01
6.514480865552843003e-01
6.751843193694410106e-01
6.928171705466339425e-01
7.195125075871606768e-01
7.415125951934824489e-01
7.628626160195538519e-01
7.911592974071599560e-01
8.120841075335566428e-01
8.368178317369601160e-01
8.550366124003031532e-01
8.724709782533845992e-01
8.859729468209645020e-01
8.984456360389299068e-01
9.091349754237825209e-01
9.209069011023005569e-01
9.268784809743594311e-01
9.376048663023679453e-01
9.412797551502667392e-01
9.445239943648818803e-01
9.475514484138153337e-01
9.508298901435257022e-01
9.581090854167110260e-01
9.591035275487375111e-01
9.606201205214494054e-01
9.611991145108089718e-01
9.641203110542495569e-01
9.655419321521867548e-01
9.653496314188710903e-01
9.644626543055517809e-01
9.675749762599701320e-01
9.678898511828654128e-01
9.667291257677205207e-01
9.697040874645648234e-01
9.683152688989936641e-01
9.683738405603526944e-01
9.684320050552984727e-01
9.710175505491238646e-01
9.704772476812599802e-01
9.701906294249464935e-01
