6.332236842105262720e-02
1.280381944444444475e-01
1.401909722222222099e-01
1.514756944444444475e-01
1.809895833333333426e-01
1.944444444444444475e-01
1.983506944444444475e-01
2.065972222222222099e-01
2.057291666666666574e-01
2.052951388888888951e-01
2.105034722222222099e-01
2.152777777777777901e-01
2.213541666666666574e-01
2.217881944444444475e-01
2.256944444444444475e-01
2.135416666666666574e-01
2.239583333333333426e-01
2.100694444444444475e-01
2.239583333333333426e-01
2.222222222222222099e-01
2.174479166666666574e-01
2.170138888888888951e-01
2.387152777777777901e-01
2.135416666666666574e-01
2.187500000000000000e-01
2.256944444444444475e-01
2.196180555555555525e-01
2.265625000000000000e-01
2.348090277777777901e-01
2.252604166666666574e-01
2.222222222222222099e-01
2.374131944444444475e-01
2.170138888888888951e-01
2.174479166666666574e-01
2.183159722222222099e-01
2.300347222222222099e-01
2.256944444444444475e-01
2.261284722222222099e-01
2.217881944444444475e-01
2.204861111111111049e-01
2.326388888888888951e-01
2.226562500000000000e-01
2.230902777777777901e-01
2.269965277777777901e-01
2.239583333333333426e-01
2.209201388888888951e-01
2.178819444444444475e-01
2.291666666666666574e-01
2.187500000000000000e-01
2.235243055555555525e-01
