7.976973684210526827e-02
1.063368055555555525e-01
1.276041666666666574e-01
1.449652777777777901e-01
2.052951388888888951e-01
2.213541666666666574e-01
2.204861111111111049e-01
2.226562500000000000e-01
2.300347222222222099e-01
2.287326388888888951e-01
2.352430555555555525e-01
2.560763888888888951e-01
2.400173611111111049e-01
2.452256944444444475e-01
2.500000000000000000e-01
2.417534722222222099e-01
2.300347222222222099e-01
2.304687500000000000e-01
2.309027777777777901e-01
2.369791666666666574e-01
2.109375000000000000e-01
2.291666666666666574e-01
2.239583333333333426e-01
2.296006944444444475e-01
2.296006944444444475e-01
2.291666666666666574e-01
2.200520833333333426e-01
2.391493055555555525e-01
2.374131944444444475e-01
2.300347222222222099e-01
2.235243055555555525e-01
2.400173611111111049e-01
2.261284722222222099e-01
2.382812500000000000e-01
2.326388888888888951e-01
2.330729166666666574e-01
2.309027777777777901e-01
2.300347222222222099e-01
2.343750000000000000e-01
2.378472222222222099e-01
2.313368055555555525e-01
2.352430555555555525e-01
2.291666666666666574e-01
2.413194444444444475e-01
2.309027777777777901e-01
2.309027777777777901e-01
2.352430555555555525e-01
2.339409722222222099e-01
2.335069444444444475e-01
2.196180555555555525e-01
