4.190340909090908839e-02
9.314903846153846367e-02
1.336538461538461509e-01
1.548076923076923128e-01
1.870192307692307709e-01
2.176682692307692346e-01
2.360576923076923017e-01
2.564903846153845923e-01
2.837740384615384803e-01
3.102163461538461342e-01
3.431490384615384359e-01
3.753605769230769496e-01
4.132211538461538214e-01
4.443509615384615419e-01
4.931490384615384581e-01
5.338942307692308153e-01
5.752403846153846256e-01
6.224759615384615197e-01
6.650240384615384581e-01
7.123798076923076872e-01
7.504807692307692291e-01
7.836538461538461453e-01
8.122596153846153300e-01
8.359375000000000000e-01
8.551682692307692735e-01
8.757211538461538991e-01
8.925480769230769162e-01
9.109374999999999556e-01
9.216346153846153300e-01
9.283653846153846478e-01
9.334134615384614975e-01
9.418269230769230616e-01
9.537259615384615641e-01
9.596153846153846478e-01
9.621394230769231282e-01
9.646634615384614975e-01
9.687500000000000000e-01
9.711538461538461453e-01
9.715144230769230393e-01
9.701923076923076872e-01
9.743990384615384137e-01
9.774038461538461231e-01
9.745192307692307487e-01
9.792067307692308153e-01
9.769230769230768940e-01
9.777644230769231282e-01
9.766826923076923350e-01
9.818509615384615197e-01
9.828124999999999778e-01
9.801682692307692735e-01
