4.795673076923077233e-02
1.018066406250000000e-01
1.488037109375000000e-01
1.621093750000000000e-01
1.842041015625000000e-01
2.124023437500000000e-01
2.247314453125000000e-01
2.420654296875000000e-01
2.657470703125000000e-01
2.917480468750000000e-01
3.181152343750000000e-01
3.468017578125000000e-01
3.822021484375000000e-01
4.140625000000000000e-01
4.467773437500000000e-01
4.860839843750000000e-01
5.234375000000000000e-01
5.697021484375000000e-01
6.079101562500000000e-01
6.408691406250000000e-01
6.821289062500000000e-01
7.204589843750000000e-01
7.563476562500000000e-01
7.872314453125000000e-01
8.127441406250000000e-01
8.305664062500000000e-01
8.521728515625000000e-01
8.682861328125000000e-01
8.922119140625000000e-01
8.988037109375000000e-01
9.063720703125000000e-01
9.266357421875000000e-01
9.357910156250000000e-01
9.395751953125000000e-01
9.466552734375000000e-01
9.526367187500000000e-01
9.560546875000000000e-01
9.573974609375000000e-01
9.627685546875000000e-01
9.644775390625000000e-01
9.672851562500000000e-01
9.699707031250000000e-01
9.711914062500000000e-01
9.737548828125000000e-01
9.683837890625000000e-01
9.757080078125000000e-01
9.772949218750000000e-01
9.791259765625000000e-01
9.771728515625000000e-01
9.779052734375000000e-01
