1.874999958090484142e-02
4.733333289623260776e-02
4.733333339293797903e-02
4.866666682064533372e-02
4.799999954799811369e-02
4.999999975164731020e-02
4.933333309988181120e-02
4.466666653752326965e-02
4.599999909599621767e-02
5.133333305517832207e-02
4.933333297570546144e-02
4.399999951322873526e-02
7.066666682561238699e-02
7.733333346744378223e-02
8.599999969204266681e-02
8.466666638851165494e-02
8.800000001986821307e-02
9.999999950329462040e-02
1.093333333730697604e-01
1.086666658520698547e-01
1.026666671037674006e-01
1.146666668355464935e-01
1.186666657527287866e-01
1.246666664878527259e-01
1.213333333532015529e-01
1.206666655838489477e-01
1.386666675408681215e-01
1.466666683554649353e-01
1.433333307504653931e-01
1.486666674415270395e-01
1.393333345651626698e-01
1.466666668653488215e-01
1.473333343863487133e-01
1.473333328962325994e-01
1.480000014106432615e-01
1.539999996622403444e-01
1.500000009934107370e-01
1.486666674415270395e-01
1.540000001589457157e-01
1.553333337108294132e-01
1.606666649381319756e-01
1.533333346247673090e-01
1.646666655937830681e-01
1.620000009735425295e-01
1.666666676600774000e-01
1.686666672428449032e-01
1.713333338499069269e-01
1.713333333532015557e-01
1.719999983906745911e-01
1.693333357572555653e-01
1.746666664878527286e-01
1.719999998807907049e-01
1.846666673819224169e-01
1.760000005364417974e-01
1.880000000198682186e-01
1.880000005165735899e-01
1.853333344062169374e-01
1.873333320021629278e-01
1.886666655540466253e-01
1.886666695276896233e-01
1.846666673819224169e-01
1.946666657924652211e-01
1.899999996026356941e-01
1.906666666269302424e-01
1.893333325783411736e-01
2.020000020662943430e-01
1.953333333134651129e-01
1.920000006755193112e-01
1.913333311676979065e-01
1.980000009139378792e-01
1.973333314061164745e-01
1.959999988476435473e-01
1.979999984304110228e-01
1.879999990264574761e-01
2.020000000794728579e-01
1.853333329161008236e-01
2.086666673421859741e-01
1.946666677792867062e-01
1.906666666269302424e-01
1.946666638056437082e-01
1.939999997615814153e-01
1.960000018278757750e-01
2.033333326379458128e-01
1.926666676998138317e-01
2.000000009934107537e-01
1.893333335717519161e-01
1.946666662891705923e-01
1.920000001788139399e-01
2.053333342075348011e-01
1.993333329757054628e-01
1.966666658719380678e-01
2.006666675209999029e-01
1.906666656335194998e-01
1.993333339691162054e-01
1.959999998410542899e-01
2.039999991655349620e-01
1.966666683554649242e-01
2.019999990860621153e-01
2.006666670242945316e-01
2.066666662693023571e-01
2.006666660308837891e-01
1.980000019073486217e-01
2.046666671832402529e-01
2.026666661103566358e-01
1.980000009139378792e-01
2.080000013113021962e-01
2.000000019868214962e-01
1.979999999205271366e-01
1.966666668653488104e-01
2.053333352009455437e-01
2.006666680177052742e-01
2.133333325386047308e-01
2.080000013113021962e-01
1.980000009139378792e-01
2.013333310683568245e-01
2.106666664282480783e-01
1.939999997615814153e-01
2.099999984105428152e-01
2.020000020662943430e-01
1.953333348035812267e-01
2.020000000794728579e-01
2.013333330551783373e-01
2.119999994834264045e-01
2.026666671037674061e-01
1.993333349625269479e-01
2.106666639447212219e-01
2.093333328763643808e-01
2.053333332141240308e-01
2.053333342075348011e-01
2.093333333730697521e-01
2.040000001589457324e-01
2.086666653553644890e-01
2.106666654348373358e-01
2.046666661898295103e-01
2.066666652758916145e-01
2.060000012318293217e-01
2.079999993244806833e-01
1.959999998410542899e-01
2.033333321412404415e-01
2.093333323796590095e-01
1.920000001788139399e-01
1.986666684349377987e-01
2.099999994039535578e-01
1.980000014106432504e-01
1.966666678587595529e-01
2.033333326379458128e-01
1.959999988476435473e-01
2.073333332935969053e-01
2.013333335518837086e-01
2.013333330551783373e-01
1.966666668653488104e-01
1.999999995032946398e-01
2.020000020662943430e-01
2.026666671037674061e-01
1.986666684349377987e-01
1.953333328167597416e-01
2.026666651169458933e-01
1.953333328167597416e-01
1.926666676998138317e-01
2.053333332141240308e-01
2.020000010728836004e-01
1.986666669448216849e-01
2.006666670242945316e-01
2.000000000000000111e-01
1.973333348830541012e-01
1.966666663686434391e-01
2.060000002384185791e-01
1.999999990065892408e-01
2.020000020662943430e-01
1.859999994436899728e-01
1.960000003377596611e-01
2.013333340485890799e-01
1.993333349625269479e-01
1.980000009139378792e-01
2.006666680177052742e-01
1.979999994238217653e-01
1.933333337306976374e-01
2.039999996622403333e-01
1.946666662891705923e-01
1.886666685342788807e-01
1.933333352208137512e-01
1.999999980131784982e-01
2.006666660308837891e-01
2.040000011523564749e-01
1.966666668653488104e-01
2.046666671832402529e-01
1.953333338101704841e-01
1.993333339691162054e-01
1.939999987681706728e-01
1.953333313266436277e-01
1.973333328962326161e-01
1.980000029007593920e-01
1.993333339691162054e-01
1.893333315849304310e-01
1.953333333134651129e-01
1.986666659514109423e-01
1.879999990264574761e-01
1.840000013510386112e-01
1.946666647990544508e-01
1.913333326578140203e-01
1.966666663686434391e-01
1.919999996821085686e-01
1.853333344062169374e-01
2.013333340485890799e-01
1.960000008344650324e-01
1.826666668057441711e-01
1.920000016689300537e-01
1.919999996821085686e-01
1.913333326578140203e-01
1.913333326578140203e-01
1.960000028212865175e-01
1.799999992052714048e-01
1.999999985098838695e-01
1.846666688720385308e-01
1.846666658918062753e-01
1.913333321611086490e-01
1.926666667064030891e-01
1.886666665474573679e-01
1.893333325783411736e-01
1.926666676998138317e-01
1.920000006755193112e-01
1.866666659712791498e-01
1.906666651368141285e-01
1.833333338300387194e-01
1.866666684548060062e-01
1.853333324193954523e-01
1.933333327372868948e-01
1.866666664679845211e-01
1.886666675408681104e-01
1.900000030795733208e-01
1.840000018477439825e-01
1.913333316644032778e-01
1.866666684548060062e-01
1.966666668653488104e-01
1.906666666269302424e-01
1.993333339691162054e-01
1.973333348830541012e-01
1.919999996821085686e-01
1.840000013510386112e-01
1.893333330750465449e-01
1.919999996821085686e-01
1.899999991059303228e-01
1.806666682163874382e-01
1.900000000993410654e-01
1.920000011722246824e-01
1.860000024239222283e-01
1.953333338101704841e-01
1.786666676402091924e-01
1.900000005960464367e-01
1.853333314259847098e-01
1.833333328366279491e-01
1.886666660507519966e-01
1.853333329161008236e-01
1.879999975363413622e-01
1.866666674613952637e-01
1.846666663885116466e-01
1.866666649778684073e-01
1.820000022649765070e-01
1.866666664679845211e-01
1.866666679581006349e-01
1.906666646401087573e-01
1.820000002781550219e-01
1.826666658123334286e-01
1.873333324988682991e-01
1.853333334128061949e-01
1.886666675408681104e-01
1.906666661302248711e-01
1.773333321015040098e-01
1.873333329955736704e-01
2.013333330551783373e-01
1.726666664083798819e-01
1.886666665474573679e-01
1.779999991257985303e-01
1.866666679581006349e-01
1.833333328366279491e-01
1.813333327571551024e-01
1.893333355585734012e-01
1.886666675408681104e-01
1.899999991059303228e-01
1.873333344856898119e-01
1.873333334922790416e-01
1.746666674812634712e-01
1.866666659712791498e-01
1.813333312670389885e-01
1.866666674613952637e-01
1.820000012715657645e-01
1.819999982913335090e-01
1.840000003576278687e-01
1.773333335916201237e-01
1.800000011920928900e-01
1.879999995231628473e-01
1.826666663090387999e-01
1.726666659116745106e-01
1.926666676998138317e-01
1.833333338300387194e-01
1.806666672229766957e-01
1.853333353996276800e-01
1.793333341677983694e-01
1.840000003576278687e-01
1.899999996026356941e-01
