5.423728692329535771e-03
5.586206864822527290e-02
6.517241317136533707e-02
6.620689651704039780e-02
6.448275843185596878e-02
6.655172415976894074e-02
6.517241358885476898e-02
6.655172412765436585e-02
6.620689648492582291e-02
6.758620683103799820e-02
6.637931024206095154e-02
6.965517217357611313e-02
7.448275862582798279e-02
8.827586192637681961e-02
9.482758591786541458e-02
9.689655151732008698e-02
9.913793103448276245e-02
1.034482754766941071e-01
1.124137930315116385e-01
1.170689655018263831e-01
1.279310348989634583e-01
1.308620699906143658e-01
1.336206899763181244e-01
1.356896552546270895e-01
1.382758621897162976e-01
1.484482767510003076e-01
1.496551727940296228e-01
1.562068968497473676e-01
1.672413793617281430e-01
1.703448276324518729e-01
1.736206897887690448e-01
1.756896548743905606e-01
1.813793110436406619e-01
1.812068969653598260e-01
1.886206901278988934e-01
1.894827578859082651e-01
1.910344828562489938e-01
1.956896533996894394e-01
1.996551718691299826e-01
2.005172415540136255e-01
2.065517247237008136e-01
2.077586214090215710e-01
2.149999994656135172e-01
2.181034482501704175e-01
2.231034477209222766e-01
2.241379307775661911e-01
2.265517238912911346e-01
2.303448273190136508e-01
2.313793098618244226e-01
2.355172405469006525e-01
2.396551720027265964e-01
2.410344810321413123e-01
2.462068960584443134e-01
2.499999997430834286e-01
2.508620686572173297e-01
2.546551718280233301e-01
2.629310326843425916e-01
2.637931046814754321e-01
2.658620697670969202e-01
2.737931051644785785e-01
2.751724152215596075e-01
2.782758610515758679e-01
2.817241385065276105e-01
2.846551712217001984e-01
2.856896558198435687e-01
2.894827584768163709e-01
2.901724135053568854e-01
2.965517249600640448e-01
2.986206897887690448e-01
3.058620686161107050e-01
3.082758637851682471e-01
3.143103469548554352e-01
3.155172431263430499e-01
3.203448303814592224e-01
3.222413810676542090e-01
3.263793130373132678e-01
3.282758650080910834e-01
3.358620692943704578e-01
3.360344854922130420e-01
3.425862077495147595e-01
3.453448283775099603e-01
3.529310344622053064e-01
3.563793103756575653e-01
3.565517258027504077e-01
3.631034493446350098e-01
3.684482774857816834e-01
3.717241405413068689e-01
3.774137928568083722e-01
3.841379300273697894e-01
3.855172416259502466e-01
3.972413781388052789e-01
3.974137927951483795e-01
4.056896541653008392e-01
4.075862061360786548e-01
4.174137911919889588e-01
4.186206881342263153e-01
4.241379288763835742e-01
4.291379287325102765e-01
4.351724108745311792e-01
4.381034446173700525e-01
4.437931005297036102e-01
4.391379284447637366e-01
4.505172377002650275e-01
4.548275815001849298e-01
4.608620651837053162e-01
4.674137928362550598e-01
4.762068920094391644e-01
4.798275833499842657e-01
4.834482757181957080e-01
4.913793062341624274e-01
4.972413778305053711e-01
4.996551691458143152e-01
5.010344781752290588e-01
5.139655141994871057e-01
5.160344813404411646e-01
5.203448241126948925e-01
5.234482725118768665e-01
5.370689625370090869e-01
5.412068921944190869e-01
5.424137896504895862e-01
5.462068961612109863e-01
5.513793091321813611e-01
5.599999926213560242e-01
5.696551712422535108e-01
5.684482732723499243e-01
5.755172433524295972e-01
5.843103435532800427e-01
5.908620645259988757e-01
5.967241402330070166e-01
6.003448274628869763e-01
6.068965504909383801e-01
6.120689644895750403e-01
6.198275839460307690e-01
6.263793069740821728e-01
6.343103472528786035e-01
6.296551731126062146e-01
6.434482798494142175e-01
6.532758679883233777e-01
6.510344815665277673e-01
6.653448312446988977e-01
6.684482765608820154e-01
6.706896547613472315e-01
6.803448282439132910e-01
6.843103468418121338e-01
6.937931025850361255e-01
6.931034449873298975e-01
7.046551776343378259e-01
7.096551718382999585e-01
7.117241384654209302e-01
7.198275882622291455e-01
7.218965538616838318e-01
7.287931031194226916e-01
7.291379293491100366e-01
7.379310316052930530e-01
7.451724142863832556e-01
7.472413850241693689e-01
7.517241414250999121e-01
7.579310351404650037e-01
7.451724132587169702e-01
7.422413774605455261e-01
7.601724153962629016e-01
7.748275861657899499e-01
7.748275841104572681e-01
7.799999981090940393e-01
7.858620707331032129e-01
7.867241368211549402e-01
7.941379269649242456e-01
7.977586203608019177e-01
7.982758581638336182e-01
8.074137928157016919e-01
8.041379256495113648e-01
8.051724135875701904e-01
8.118965522996310913e-01
8.165517192462394824e-01
8.189655121030479101e-01
8.243103407580276709e-01
8.262068927288055420e-01
8.160344855538730346e-01
8.036206857911472046e-01
8.206896535281477112e-01
8.263793084128149280e-01
8.382758600958462036e-01
8.408620665813314465e-01
8.479310304954134070e-01
8.496551719205133191e-01
8.555172394061910657e-01
8.541379293491100366e-01
8.567241389175941357e-01
8.637931018040098108e-01
8.667241427405126819e-01
8.668965532861906409e-01
8.710344793467685864e-01
8.717241410551399561e-01
8.724137965975136133e-01
8.801724109156378040e-01
8.812068957706977734e-01
8.789655227085639844e-01
8.841379315688692175e-01
8.720689662571611267e-01
8.729310313175464575e-01
8.856896562822933472e-01
8.950000004521732055e-01
8.925862045123659216e-01
8.960344894178982056e-01
8.927586191687090222e-01
8.998275902764550915e-01
9.043103446220529529e-01
9.044827582507297681e-01
9.070689688468801526e-01
9.108620717607694983e-01
9.131034499612348254e-01
9.137931024206096264e-01
9.160344857594062695e-01
9.156896585020525281e-01
9.200000002466398596e-01
9.213793144143861413e-01
9.246551713039135034e-01
9.244827556199041174e-01
9.277586258690933008e-01
9.244827607582355444e-01
9.284482793561343872e-01
9.287931086688205884e-01
9.308620691299438477e-01
9.301724156429027612e-01
9.341379311578027478e-01
9.331034483580753491e-01
9.370689669559741919e-01
9.362068947019248633e-01
9.401724174104887366e-01
9.379310320163595227e-01
9.396551713861268640e-01
9.403448289838330920e-01
9.334482766430953760e-01
9.393103492671045496e-01
9.308620722129427039e-01
9.096551722493665393e-01
9.300000030418922314e-01
9.424137945832877783e-01
9.467241363278751098e-01
9.508620695821170532e-01
9.536206938069442529e-01
9.524137953232074683e-01
9.518965513541780554e-01
9.560344876914188550e-01
9.520689670381874414e-01
9.567241432337925122e-01
9.553448311213789124e-01
9.577586198675220874e-01
9.579310345238652991e-01
9.598275864946430591e-01
9.581034471248758289e-01
9.601724219733270838e-01
9.610344849783798438e-01
9.608620713497030286e-01
9.610344849783798438e-01
9.622413824344503430e-01
9.650000025486124011e-01
9.639655238595502551e-01
9.662069051430143274e-01
9.648275940582670129e-01
9.643103490615713147e-01
9.681034560861259131e-01
9.667241470567111694e-01
9.667241480843774548e-01
9.662069020600154712e-01
9.672413869150753296e-01
9.698275964835594287e-01
9.677586288287721716e-01
9.686206969721563587e-01
9.677586278011058862e-01
9.622413824344503430e-01
9.641379364605607849e-01
9.681034519754606604e-01
9.694827661432069421e-01
9.710344898289647864e-01
9.712069055129741724e-01
9.720689736563583594e-01
9.744827726791644995e-01
9.725862155700552014e-01
9.722413883127015710e-01
9.731034533730869018e-01
9.743103539121562573e-01
9.755172503405603601e-01
9.770689760816508862e-01
9.758620775979141015e-01
9.758620775979141015e-01
9.755172503405603601e-01
9.779310431973687878e-01
9.760344973925886292e-01
9.734482826857731030e-01
9.768965614253076746e-01
9.774138043666708020e-01
9.772413866273288452e-01
9.772413897103277014e-01
9.782758725100549890e-01
9.791379406534391761e-01
9.774138084773359436e-01
9.768965645083065308e-01
9.777586295686918616e-01
9.774138012836719458e-01
