3.469970178738308597e-01
3.835795321710626649e-01
4.101494343703989132e-01
3.954527154575701586e-01
4.225723044314739218e-01
4.430703499188131111e-01
4.685120843956066539e-01
4.904312025314271906e-01
5.178921243876937197e-01
5.338816466445136522e-01
5.501787204308611345e-01
5.796687091562224836e-01
5.930446697691642566e-01
6.061291043505530052e-01
6.130625394504762848e-01
6.305395846447769959e-01
6.442456818290827059e-01
6.605270970970846811e-01
6.706762863280123499e-01
6.912240311615058808e-01
7.006125431343136478e-01
7.213128509705557523e-01
7.377399520149603429e-01
7.487718027361519590e-01
7.718625961015923576e-01
7.841057148484003037e-01
7.930076914173578295e-01
8.088908363942264312e-01
8.202283731957712432e-01
8.325027740714737723e-01
8.477698982515039505e-01
8.532536771576253454e-01
8.646582556282708110e-01
8.736017642822491158e-01
8.835609581053086581e-01
8.888034418310784002e-01
8.932107423106027122e-01
9.048878973580887219e-01
9.055728240201668111e-01
9.108593280090158117e-01
9.197171864469364522e-01
9.202484376353329276e-01
9.257648103494566794e-01
9.305733294288411894e-01
9.347599806264769162e-01
9.346918890846031003e-01
9.363387400501685942e-01
9.385634692855308048e-01
9.395160605878258853e-01
9.441205491858503107e-01
