5.048076923076923184e-02
9.049479166666667129e-02
1.341145833333333426e-01
1.230468750000000000e-01
1.393229166666666574e-01
1.360677083333333426e-01
1.595052083333333426e-01
1.888020833333333426e-01
1.920572916666666574e-01
2.018229166666666574e-01
1.966145833333333426e-01
2.057291666666666574e-01
2.174479166666666574e-01
2.161458333333333426e-01
2.259114583333333426e-01
2.167968750000000000e-01
2.285156250000000000e-01
2.226562500000000000e-01
2.194010416666666574e-01
2.233072916666666574e-01
2.343750000000000000e-01
2.102864583333333426e-01
2.174479166666666574e-01
2.141927083333333426e-01
2.233072916666666574e-01
2.180989583333333426e-01
2.246093750000000000e-01
2.239583333333333426e-01
2.239583333333333426e-01
2.167968750000000000e-01
2.239583333333333426e-01
2.200520833333333426e-01
2.298177083333333426e-01
2.265625000000000000e-01
2.207031250000000000e-01
2.200520833333333426e-01
2.265625000000000000e-01
2.089843750000000000e-01
2.135416666666666574e-01
2.324218750000000000e-01
2.213541666666666574e-01
2.226562500000000000e-01
2.415364583333333426e-01
2.252604166666666574e-01
2.174479166666666574e-01
2.285156250000000000e-01
2.304687500000000000e-01
2.265625000000000000e-01
2.161458333333333426e-01
2.135416666666666574e-01
