6.521739130434782428e-02
9.201388888888889506e-02
1.256944444444444420e-01
1.420138888888888840e-01
1.550347222222222265e-01
1.626736111111111160e-01
1.765625000000000111e-01
1.927083333333333426e-01
2.121527777777777735e-01
2.269097222222222210e-01
2.336805555555555580e-01
2.538194444444444309e-01
2.758680555555555469e-01
2.932291666666666519e-01
3.059027777777778012e-01
3.277777777777777790e-01
3.552083333333333481e-01
3.774305555555555469e-01
4.060763888888888618e-01
4.375000000000000000e-01
4.581597222222222321e-01
4.956597222222222099e-01
5.239583333333333037e-01
5.512152777777777901e-01
5.909722222222222321e-01
6.199652777777777679e-01
6.376736111111110938e-01
6.678819444444444864e-01
6.909722222222222099e-01
7.095486111111111160e-01
7.383680555555555136e-01
7.505208333333333037e-01
7.732638888888888618e-01
7.928819444444444864e-01
8.057291666666667185e-01
8.251736111111110938e-01
8.291666666666667185e-01
8.524305555555555802e-01
8.579861111111111160e-01
8.675347222222222765e-01
8.815972222222222543e-01
8.838541666666667185e-01
8.937500000000000444e-01
9.041666666666666741e-01
9.135416666666666963e-01
9.118055555555555358e-01
9.184027777777777901e-01
9.223958333333333037e-01
9.258680555555555136e-01
9.328125000000000444e-01
