3.191761814574329281e-01
4.159006324862190573e-01
4.220057761208199087e-01
4.424808867154545466e-01
4.690494655157096959e-01
4.987987440287328100e-01
5.293179206951722504e-01
5.554206732550536207e-01
5.786442254057503343e-01
5.957900577127946962e-01
6.160363484596934613e-01
6.325321614144788773e-01
6.582577338501610642e-01
6.779259903249925667e-01
6.945708255583525892e-01
7.137962562305880665e-01
7.389495444303105787e-01
7.609026818769208944e-01
7.801990862618171096e-01
7.984930950716451203e-01
8.175254799363479430e-01
8.365360894586896245e-01
8.543802627866041721e-01
8.725139428451712531e-01
8.837808530772419680e-01
8.929602398675905439e-01
9.068470936207464472e-01
9.144716983553685674e-01
9.273690368422262686e-01
9.293393022070219889e-01
9.329219323711941403e-01
9.424105481843697563e-01
9.481380730720684324e-01
9.496819783704877338e-01
9.524815902781919030e-01
9.553182559423905040e-01
9.572275842627593345e-01
9.592600302485635444e-01
9.598858403321046673e-01
9.614814073572395259e-01
9.631243462141828582e-01
9.645715771539561390e-01
9.641979461020532272e-01
9.650456675368546122e-01
9.625125973717436612e-01
9.670710034341362116e-01
9.665304922891271300e-01
9.681499002866275072e-01
9.674285274410853175e-01
9.675358218248667486e-01
