3.546364711657841173e-01
3.830636847485421326e-01
3.945408086471833276e-01
4.648078091944827239e-01
5.085447062709196331e-01
5.409845551607372904e-01
5.642560577281733325e-01
5.872682578446730695e-01
6.112207513826326544e-01
6.381630779804581266e-01
6.624860489085806492e-01
6.825326135374165659e-01
7.060069718543099393e-01
7.309697790285030194e-01
7.493918305492280885e-01
7.730810086011460358e-01
7.913544728296916242e-01
8.073459424499632719e-01
8.293536480209160455e-01
8.429395480613638414e-01
8.542741722646333136e-01
8.680516687398431852e-01
8.756271067886148840e-01
8.867187892819712314e-01
8.895939602607796370e-01
9.025851182472228729e-01
9.093722496434152314e-01
9.157207338838734278e-01
9.221484635782825068e-01
9.294388469116512397e-01
9.298733236775006405e-01
9.361219987784772378e-01
9.395980788776179260e-01
9.437679519075455881e-01
9.436186588660943064e-01
9.489717500302904396e-01
9.496667336911603918e-01
9.519012918061577899e-01
9.540596383987074436e-01
9.551463952551579872e-01
9.570326865674495531e-01
9.572862107308519608e-01
9.601927987240259643e-01
9.623081662644575873e-01
9.640191442839058933e-01
9.636182277195707302e-01
9.615813906577332926e-01
9.645851247928781680e-01
9.598332537166136547e-01
9.639370403803667608e-01
