8.774038461538460898e-02
1.295572916666666574e-01
1.386718750000000000e-01
1.816406250000000000e-01
2.037760416666666574e-01
2.122395833333333426e-01
2.154947916666666574e-01
2.311197916666666574e-01
2.265625000000000000e-01
2.421875000000000000e-01
2.330729166666666574e-01
2.526041666666666852e-01
2.415364583333333426e-01
2.324218750000000000e-01
2.363281250000000000e-01
2.506510416666666852e-01
2.519531250000000000e-01
2.330729166666666574e-01
2.408854166666666574e-01
2.467447916666666574e-01
2.395833333333333426e-01
2.421875000000000000e-01
2.356770833333333426e-01
2.415364583333333426e-01
2.552083333333333148e-01
2.317708333333333426e-01
2.454427083333333426e-01
2.337239583333333426e-01
2.395833333333333426e-01
2.220052083333333426e-01
2.376302083333333426e-01
2.252604166666666574e-01
2.356770833333333426e-01
2.369791666666666574e-01
2.311197916666666574e-01
2.350260416666666574e-01
2.298177083333333426e-01
2.395833333333333426e-01
2.363281250000000000e-01
2.408854166666666574e-01
2.389322916666666574e-01
2.265625000000000000e-01
2.356770833333333426e-01
2.441406250000000000e-01
2.415364583333333426e-01
2.317708333333333426e-01
2.356770833333333426e-01
2.402343750000000000e-01
2.350260416666666574e-01
2.389322916666666574e-01
