7.608695652173913526e-02
1.227430555555555497e-01
1.501736111111111049e-01
1.776041666666666741e-01
2.067708333333333204e-01
2.302083333333333204e-01
2.500000000000000000e-01
2.762152777777777679e-01
2.973958333333333592e-01
3.310763888888889062e-01
3.677083333333333592e-01
4.003472222222222432e-01
4.402777777777777679e-01
4.817708333333333148e-01
5.090277777777777457e-01
5.600694444444443976e-01
5.899305555555555136e-01
6.192708333333333259e-01
6.654513888888888840e-01
6.913194444444444864e-01
7.166666666666666741e-01
7.470486111111110938e-01
7.654513888888888618e-01
7.874999999999999778e-01
7.967013888888888618e-01
8.236111111111110716e-01
8.397569444444444864e-01
8.552083333333333481e-01
8.715277777777777901e-01
8.828125000000000000e-01
8.845486111111111605e-01
9.065972222222222765e-01
9.133680555555555580e-01
9.220486111111111382e-01
9.220486111111111382e-01
9.378472222222222765e-01
9.401041666666666297e-01
9.440972222222222543e-01
9.499999999999999556e-01
9.526041666666666963e-01
9.555555555555556024e-01
9.592013888888888395e-01
9.644097222222222099e-01
9.685763888888888618e-01
9.720486111111110716e-01
9.732638888888889284e-01
9.708333333333333259e-01
9.744791666666666741e-01
9.645833333333333481e-01
9.730902777777777901e-01
