3.045185877550976583e-01
3.195252594548072533e-01
3.472490550138342402e-01
3.548479729450211284e-01
3.965621498079511809e-01
4.087535746639536227e-01
3.799188040388451482e-01
3.831633935162370164e-01
4.098774725905371952e-01
4.644300419428902260e-01
4.888321644423196943e-01
4.949256039894014969e-01
5.358815529044794745e-01
5.478185433670885729e-01
5.528500570063105135e-01
5.745787442810896817e-01
5.818214684963299854e-01
6.022032150523376481e-01
6.183561405576836201e-01
6.346316843153223530e-01
6.515562192578761014e-01
6.705627825559993260e-01
6.944609017393845729e-01
7.027468627022838144e-01
7.315269767734494666e-01
7.392855815440892986e-01
7.505672457134510145e-01
7.640294308762424214e-01
7.785565038681807604e-01
7.988273238705582147e-01
8.143023269735309988e-01
8.173975007954299432e-01
8.387169877111713134e-01
8.412849091218532749e-01
8.623880245497946850e-01
8.622341432048086229e-01
8.792285077945033445e-01
8.811639849341917907e-01
8.880494417577964317e-01
8.955377740856713675e-01
9.043593055976263395e-01
9.093142136411559440e-01
9.129551752624658345e-01
9.248365452569375922e-01
9.182809009505122910e-01
9.243972254112614584e-01
9.327868887276320464e-01
9.388164973600416907e-01
9.360415842303628775e-01
9.473842708437306692e-01
