2.729513984477131006e-01
2.985491473676553653e-01
3.329345510472961900e-01
3.533020877784919245e-01
3.365630054304941665e-01
3.258270826752232563e-01
3.839330052476799260e-01
3.976550481731160880e-01
4.455409473254500763e-01
4.850695834462409040e-01
5.055008520926965732e-01
5.268419695372306144e-01
5.421691065620084515e-01
5.475361303613631714e-01
5.713119955537037109e-01
5.872204033690631153e-01
5.956089189272596451e-01
6.045205623863946220e-01
6.293681582995486190e-01
6.476816682437882555e-01
6.517250110206146418e-01
6.770553523429293508e-01
6.996122951680494584e-01
7.107633982892711533e-01
7.294527192342641353e-01
7.398863690011061589e-01
7.606080127460846940e-01
7.753017023957632370e-01
7.921510507034807969e-01
8.124024983296582736e-01
8.125326714748151158e-01
8.370081529606058224e-01
8.440734297810353892e-01
8.505295452620075247e-01
8.664984920265893509e-01
8.752455588516366847e-01
8.828101408279140916e-01
8.879978665882313216e-01
8.991567343471922324e-01
9.020199331369638251e-01
9.140046571302182787e-01
9.144307198739578535e-01
9.261434566961578296e-01
9.300573673592206214e-01
9.353924318392566883e-01
9.358587457537258514e-01
9.422998434103925236e-01
9.441028612423235655e-01
9.453772992413910226e-01
9.465430719582877961e-01
