3.125000000000000000e-02
5.208333333333333565e-02
4.296875000000000000e-02
8.333333333333332871e-02
1.028645833333333287e-01
1.302083333333333426e-01
1.171875000000000000e-01
1.315104166666666574e-01
1.614583333333333426e-01
1.471354166666666574e-01
1.393229166666666574e-01
1.783854166666666574e-01
1.953125000000000000e-01
1.979166666666666574e-01
2.057291666666666574e-01
1.848958333333333426e-01
2.096354166666666574e-01
1.940104166666666574e-01
2.044270833333333426e-01
2.083333333333333426e-01
2.031250000000000000e-01
2.122395833333333426e-01
2.135416666666666574e-01
1.861979166666666574e-01
1.927083333333333426e-01
2.122395833333333426e-01
2.109375000000000000e-01
2.070312500000000000e-01
2.187500000000000000e-01
2.109375000000000000e-01
2.109375000000000000e-01
2.135416666666666574e-01
2.278645833333333426e-01
2.018229166666666574e-01
2.083333333333333426e-01
2.031250000000000000e-01
1.966145833333333426e-01
2.135416666666666574e-01
2.057291666666666574e-01
1.914062500000000000e-01
2.239583333333333426e-01
1.992187500000000000e-01
2.018229166666666574e-01
2.539062500000000000e-01
1.953125000000000000e-01
2.057291666666666574e-01
1.966145833333333426e-01
2.174479166666666574e-01
2.096354166666666574e-01
2.252604166666666574e-01
