1.339285714285714211e-02
8.333333333333332871e-02
1.145833333333333287e-01
7.291666666666667129e-02
1.171875000000000000e-01
1.367187500000000000e-01
1.419270833333333426e-01
1.406250000000000000e-01
1.588541666666666574e-01
1.718750000000000000e-01
1.848958333333333426e-01
1.679687500000000000e-01
1.953125000000000000e-01
1.927083333333333426e-01
1.796875000000000000e-01
1.901041666666666574e-01
2.044270833333333426e-01
2.187500000000000000e-01
1.901041666666666574e-01
2.031250000000000000e-01
2.044270833333333426e-01
2.122395833333333426e-01
1.901041666666666574e-01
2.148437500000000000e-01
2.161458333333333426e-01
2.044270833333333426e-01
2.226562500000000000e-01
2.083333333333333426e-01
2.343750000000000000e-01
2.174479166666666574e-01
2.200520833333333426e-01
2.031250000000000000e-01
2.187500000000000000e-01
2.148437500000000000e-01
2.161458333333333426e-01
2.096354166666666574e-01
2.330729166666666574e-01
2.200520833333333426e-01
2.200520833333333426e-01
2.421875000000000000e-01
2.213541666666666574e-01
2.174479166666666574e-01
2.213541666666666574e-01
2.018229166666666574e-01
2.239583333333333426e-01
2.148437500000000000e-01
2.252604166666666574e-01
2.343750000000000000e-01
2.213541666666666574e-01
2.356770833333333426e-01
