2.592329545454545581e-02
4.836309523809523975e-02
6.063988095238095205e-02
9.412202380952380820e-02
1.037946428571428631e-01
1.231398809523809590e-01
1.406250000000000000e-01
1.439732142857142738e-01
1.640625000000000000e-01
1.863839285714285754e-01
1.997767857142857262e-01
2.150297619047619180e-01
2.321428571428571508e-01
2.418154761904761918e-01
2.689732142857143016e-01
2.864583333333333148e-01
2.991071428571428492e-01
3.229166666666666852e-01
3.511904761904761640e-01
3.783482142857143016e-01
4.099702380952380820e-01
4.337797619047619180e-01
4.635416666666666852e-01
4.933035714285714524e-01
5.215773809523809312e-01
5.435267857142856984e-01
5.784970238095238360e-01
6.093750000000000000e-01
6.402529761904761640e-01
6.726190476190476719e-01
6.804315476190476719e-01
7.191220238095238360e-01
7.392113095238095344e-01
7.544642857142856984e-01
7.779017857142856984e-01
8.005952380952381375e-01
8.110119047619047672e-01
8.218005952380952328e-01
8.433779761904761640e-01
8.459821428571429047e-01
8.709077380952381375e-01
8.735119047619047672e-01
8.909970238095238360e-01
8.969494047619047672e-01
9.118303571428570953e-01
9.144345238095238360e-01
9.259672619047618625e-01
9.259672619047618625e-01
9.311755952380952328e-01
9.352678571428570953e-01
