6.036931818181818024e-03
5.245535714285714385e-02
6.510416666666667129e-02
7.031250000000000000e-02
9.040178571428571230e-02
1.149553571428571369e-01
1.428571428571428492e-01
1.450892857142857262e-01
1.499255952380952328e-01
1.629464285714285754e-01
1.778273809523809590e-01
1.994047619047619180e-01
2.139136904761904656e-01
2.232142857142857262e-01
2.477678571428571508e-01
2.652529761904761640e-01
2.726934523809523836e-01
3.013392857142856984e-01
3.247767857142856984e-01
3.441220238095238360e-01
3.746279761904761640e-01
4.021577380952380820e-01
4.427083333333333148e-01
4.639136904761904656e-01
5.029761904761904656e-01
5.174851190476190688e-01
5.379464285714286031e-01
5.632440476190476719e-01
5.900297619047618625e-01
6.339285714285713969e-01
6.622023809523809312e-01
6.711309523809523281e-01
7.072172619047618625e-01
7.217261904761904656e-01
7.496279761904761640e-01
7.566964285714286031e-01
7.875744047619047672e-01
7.991071428571429047e-01
8.080357142857143016e-01
8.218005952380952328e-01
8.430059523809523281e-01
8.541666666666666297e-01
8.608630952380952328e-01
8.861607142857143016e-01
8.787202380952381375e-01
8.887648809523809312e-01
9.073660714285713969e-01
9.125744047619047672e-01
9.136904761904761640e-01
9.281994047619047672e-01
