3.148941714303939987e-01
3.685813937529954787e-01
4.009277827395922866e-01
3.689507861329625049e-01
4.152506805826163827e-01
4.514864863041760934e-01
4.823272408690746360e-01
5.117568261837124322e-01
5.235135476623484774e-01
5.405473559274409645e-01
5.600650651844016892e-01
5.725922051953921121e-01
5.908807479975297650e-01
6.067816541744615044e-01
6.155742519244893352e-01
6.325823370549410463e-01
6.434493749789468309e-01
6.601932013906092189e-01
6.726735708550702908e-01
6.928993139913174337e-01
7.022645313979674064e-01
7.193790002521752713e-01
7.349919011543437630e-01
7.451602707669296999e-01
7.637109457305890636e-01
7.816413122495181609e-01
7.894397018968235535e-01
7.994633313417960352e-01
8.108444566872269332e-01
8.158099911051395203e-01
8.315516143834458251e-01
8.444379203043108628e-01
8.547832005922407772e-01
8.591550103889246115e-01
8.685909714736641529e-01
8.746045984422187169e-01
8.825853377275354461e-01
8.843552089652260140e-01
8.910526592718567285e-01
8.947848017136271759e-01
8.963020337907308122e-01
9.001348274626168600e-01
9.095601654017444471e-01
9.145161557479453140e-01
9.129113493494419584e-01
9.205258862694641886e-01
9.225041274271241765e-01
9.236794186927295147e-01
9.254587700368179792e-01
9.265009041504875809e-01
