2.960582066508735122e-01
3.340504283731692281e-01
3.897759630490724714e-01
3.824480345387768487e-01
4.144720861957715274e-01
4.386911423388651365e-01
4.656059461112656561e-01
4.905096358393432054e-01
5.122481026054748199e-01
5.317147182749450973e-01
5.533630153083969327e-01
5.648999150978942785e-01
5.848252293954226966e-01
5.934982433268882751e-01
6.041124071308654475e-01
6.180707163361919276e-01
6.271097236756484339e-01
6.456974504159764816e-01
6.527161952254387778e-01
6.711967255215147699e-01
6.799377739341976312e-01
6.876549610089677245e-01
7.115577696373299732e-01
7.165032765813218463e-01
7.315914120574685819e-01
7.437540793121970584e-01
7.591520240153981636e-01
7.686309201373286992e-01
7.837549291484733338e-01
7.894982429910699651e-01
8.044925559877541543e-01
8.202163139184268648e-01
8.286093261114851893e-01
8.300791027916984977e-01
8.468476841346697093e-01
8.545281136977599390e-01
8.599973571488848112e-01
8.674428801044542503e-01
8.714376791005644662e-01
8.772192635014959272e-01
8.791338093543439314e-01
8.873246181253870990e-01
8.941938152101911452e-01
8.978788763700072950e-01
8.988867200010057790e-01
9.103226038749737681e-01
9.066984391787004105e-01
9.132694772169751563e-01
9.177155453758375492e-01
9.189357395896157188e-01
9.201202799494272444e-01
9.265178047386183335e-01
9.281297023016067405e-01
9.336086477589383703e-01
9.319263435015363584e-01
9.356740231777940231e-01
9.353950482995161408e-01
9.408421381486138380e-01
9.432985883081626000e-01
9.439145999447987601e-01
9.413412506359026821e-01
9.448106401946075872e-01
9.427333230791907770e-01
9.432062079845375813e-01
9.472700594559481102e-01
9.446809108971989666e-01
9.490777526956769572e-01
9.495567903758842521e-01
9.479062232569070989e-01
9.539719239699796516e-01
9.505578456959797862e-01
9.506772224221387013e-01
9.527796321388937173e-01
9.519415899064735953e-01
9.549608901946632367e-01
9.559595911046504524e-01
9.554768045596492287e-01
9.546678697627219989e-01
9.584805278451239419e-01
9.565595228118827231e-01
9.549572520784884722e-01
9.588220677795843416e-01
9.604290594293948269e-01
9.598810091875132899e-01
9.589966888453446137e-01
9.605105092208028328e-01
9.607779380926544377e-01
9.596226352027706907e-01
9.602623708532767033e-01
9.593100273998027561e-01
9.590977346297006045e-01
9.599947107371167299e-01
9.620843615744053556e-01
9.617203689359874463e-01
9.632426178359152491e-01
9.633229709621300429e-01
9.620649950892347091e-01
9.624224837305158653e-01
9.612888034260052006e-01
9.630150436976326889e-01
9.627373317106320272e-01
9.616329482682334229e-01
9.655094733331839318e-01
9.622136395312655965e-01
9.641998918361921467e-01
9.616470557911278583e-01
9.609583734108672060e-01
9.632590107801800583e-01
9.634958275569601716e-01
9.629477557080944328e-01
9.630565091718756854e-01
9.608202544159815117e-01
9.639048845908335661e-01
9.636647305733626601e-01
9.621067462613819288e-01
9.640194634203135271e-01
9.657173143451094344e-01
9.644890616171875042e-01
9.642242896029998844e-01
9.643274298971943326e-01
9.665648457550458650e-01
9.649091056284226919e-01
9.650027368497031688e-01
9.683088552262152371e-01
9.661933803210529526e-01
9.655562731542112198e-01
9.665087741356321871e-01
9.683169424614332943e-01
9.655581643019349736e-01
9.667321663490885397e-01
9.666308030336060453e-01
9.668313026907225938e-01
9.654496876404004002e-01
9.655750770969431240e-01
9.666413945738100422e-01
9.676129630532356307e-01
9.653083631702632506e-01
9.655642166610393096e-01
9.663618797123253445e-01
9.653322011146422410e-01
9.654379524553468039e-01
9.669338626549629501e-01
9.663978044448544580e-01
9.656162618064086933e-01
9.687418559930024431e-01
9.666431581244218085e-01
9.684636746072770030e-01
9.681269915961171479e-01
9.671908656162639950e-01
9.652671453579867444e-01
9.658228126378621825e-01
9.659259830531568003e-01
9.657033125905228887e-01
9.671897364394222985e-01
9.659336896019080632e-01
9.674998845735864883e-01
9.686298378579850654e-01
9.680335016829555439e-01
9.683920638943961379e-01
9.673696906566923159e-01
9.680490119150789718e-01
9.681094301919617173e-01
9.690042297056684628e-01
9.674056154909831395e-01
9.670376560285599554e-01
9.683563694640761055e-01
9.677748595791222375e-01
9.673020380520767070e-01
9.665692010792974465e-01
9.666699702766111679e-01
9.689874734361794140e-01
9.678940267948754617e-01
9.682904577141723257e-01
9.671908298748657096e-01
9.684584426189962736e-01
9.655601495852339511e-01
9.677016929214407037e-01
9.666984146075398021e-01
9.691056381098678285e-01
9.677868966229579151e-01
9.672757090762407195e-01
9.668299094867662813e-01
9.689429506152502647e-01
9.658420869882050619e-01
9.661297077245823983e-01
9.682086546589073750e-01
9.702879890136045793e-01
9.685301540122637221e-01
9.687403359134272307e-01
9.677266573159594154e-01
9.690877860065383320e-01
9.700790397927064879e-01
9.677537104753812791e-01
9.675157624235335430e-01
9.666849529061637414e-01
9.668314852773441936e-01
9.679326849615828010e-01
9.688685385138640083e-01
9.681598417951522428e-01
9.678214434863292581e-01
9.674913768339842290e-01
9.679009113706772416e-01
9.676986476176185903e-01
9.680274973260799554e-01
9.674539796972285721e-01
9.689268171183984535e-01
9.686243047575147092e-01
9.680980650310792024e-01
9.688504314641893655e-01
9.674713150915421611e-01
9.695775711804170971e-01
9.666044593987612732e-01
9.681227752173050538e-01
9.685688018947689049e-01
9.690907717726855441e-01
9.679777063307111185e-01
9.680842971743239822e-01
9.661781481803352056e-01
9.675264151830154091e-01
9.671380455188018921e-01
9.671925838299090250e-01
9.684052045515986196e-01
9.690353781541923839e-01
9.685707106040689629e-01
9.688728628254824615e-01
9.698361393342014303e-01
9.663824795955423541e-01
9.683635656616080833e-01
9.689516584989836812e-01
9.692807468190554054e-01
9.693323880185055197e-01
9.688676634191217829e-01
9.696240027918532345e-01
9.692446514432969673e-01
9.702941454997024984e-01
9.676582484760076763e-01
9.704752478297550278e-01
9.703568700683796733e-01
9.681882517274265076e-01
9.688242538084446132e-01
9.706772407750028364e-01
9.697196280680819847e-01
9.708174285165706019e-01
9.707691862733778265e-01
9.702010345540325043e-01
9.700340901178087227e-01
9.686264179482879655e-01
9.670877645590575389e-01
9.700123879547442041e-01
9.704292905492472032e-01
9.703519283286919928e-01
9.694994524265261315e-01
9.696416245098908870e-01
9.705814278155170394e-01
9.685520807293420686e-01
9.698321268019801655e-01
