4.867788461538461592e-02
6.770833333333332871e-02
1.087239583333333287e-01
1.347656250000000000e-01
1.445312500000000000e-01
1.621093750000000000e-01
1.861979166666666574e-01
1.875000000000000000e-01
2.135416666666666574e-01
2.115885416666666574e-01
2.044270833333333426e-01
2.122395833333333426e-01
2.207031250000000000e-01
2.135416666666666574e-01
2.063802083333333426e-01
2.154947916666666574e-01
2.285156250000000000e-01
2.167968750000000000e-01
2.161458333333333426e-01
2.187500000000000000e-01
2.135416666666666574e-01
2.070312500000000000e-01
2.226562500000000000e-01
2.265625000000000000e-01
2.200520833333333426e-01
2.304687500000000000e-01
2.135416666666666574e-01
2.083333333333333426e-01
2.167968750000000000e-01
2.148437500000000000e-01
2.128906250000000000e-01
2.207031250000000000e-01
2.220052083333333426e-01
2.070312500000000000e-01
2.044270833333333426e-01
2.154947916666666574e-01
2.213541666666666574e-01
2.154947916666666574e-01
2.096354166666666574e-01
2.128906250000000000e-01
2.187500000000000000e-01
2.278645833333333426e-01
2.128906250000000000e-01
2.343750000000000000e-01
2.063802083333333426e-01
2.239583333333333426e-01
2.050781250000000000e-01
2.122395833333333426e-01
2.102864583333333426e-01
2.141927083333333426e-01
