6.529017857142857539e-02
9.314903846153846367e-02
1.346153846153846090e-01
1.580528846153846090e-01
1.694711538461538547e-01
1.652644230769230727e-01
1.844951923076923184e-01
2.013221153846153910e-01
2.097355769230769273e-01
2.211538461538461453e-01
2.061298076923076816e-01
2.115384615384615363e-01
2.091346153846153910e-01
2.181490384615384637e-01
2.121394230769230727e-01
2.127403846153846090e-01
2.205528846153846090e-01
2.121394230769230727e-01
2.271634615384615363e-01
2.163461538461538547e-01
2.211538461538461453e-01
2.151442307692307820e-01
2.073317307692307820e-01
2.205528846153846090e-01
2.055288461538461453e-01
2.169471153846153910e-01
2.109375000000000000e-01
2.145432692307692180e-01
2.085336538461538547e-01
2.079326923076923184e-01
2.079326923076923184e-01
2.139423076923076816e-01
2.055288461538461453e-01
2.259615384615384637e-01
2.085336538461538547e-01
2.181490384615384637e-01
2.103365384615384637e-01
2.103365384615384637e-01
2.127403846153846090e-01
2.133413461538461453e-01
2.187500000000000000e-01
2.175480769230769273e-01
2.061298076923076816e-01
2.109375000000000000e-01
2.121394230769230727e-01
2.181490384615384637e-01
1.995192307692307820e-01
2.109375000000000000e-01
2.145432692307692180e-01
2.103365384615384637e-01
2.019230769230769273e-01
2.175480769230769273e-01
2.175480769230769273e-01
2.181490384615384637e-01
2.097355769230769273e-01
2.091346153846153910e-01
2.181490384615384637e-01
2.163461538461538547e-01
2.061298076923076816e-01
2.127403846153846090e-01
2.145432692307692180e-01
2.079326923076923184e-01
2.145432692307692180e-01
2.085336538461538547e-01
2.103365384615384637e-01
2.145432692307692180e-01
2.199519230769230727e-01
2.247596153846153910e-01
2.157451923076923184e-01
2.175480769230769273e-01
2.145432692307692180e-01
2.133413461538461453e-01
2.121394230769230727e-01
2.157451923076923184e-01
2.163461538461538547e-01
2.007211538461538547e-01
2.139423076923076816e-01
2.079326923076923184e-01
2.163461538461538547e-01
2.139423076923076816e-01
2.007211538461538547e-01
2.097355769230769273e-01
2.181490384615384637e-01
2.187500000000000000e-01
2.049278846153846090e-01
2.211538461538461453e-01
2.211538461538461453e-01
2.079326923076923184e-01
2.223557692307692180e-01
2.091346153846153910e-01
2.109375000000000000e-01
2.091346153846153910e-01
2.217548076923076816e-01
2.121394230769230727e-01
2.109375000000000000e-01
2.157451923076923184e-01
2.187500000000000000e-01
2.139423076923076816e-01
2.133413461538461453e-01
2.097355769230769273e-01
2.259615384615384637e-01
2.217548076923076816e-01
2.175480769230769273e-01
2.223557692307692180e-01
2.175480769230769273e-01
2.169471153846153910e-01
2.253605769230769273e-01
2.181490384615384637e-01
2.121394230769230727e-01
2.277644230769230727e-01
2.115384615384615363e-01
2.109375000000000000e-01
2.217548076923076816e-01
2.217548076923076816e-01
2.145432692307692180e-01
2.055288461538461453e-01
2.151442307692307820e-01
2.121394230769230727e-01
2.235576923076923184e-01
2.169471153846153910e-01
2.205528846153846090e-01
2.097355769230769273e-01
2.229567307692307820e-01
2.085336538461538547e-01
2.103365384615384637e-01
2.199519230769230727e-01
2.091346153846153910e-01
2.259615384615384637e-01
2.175480769230769273e-01
2.103365384615384637e-01
2.193509615384615363e-01
2.193509615384615363e-01
2.151442307692307820e-01
2.157451923076923184e-01
2.175480769230769273e-01
2.199519230769230727e-01
2.151442307692307820e-01
2.253605769230769273e-01
2.079326923076923184e-01
2.223557692307692180e-01
2.229567307692307820e-01
2.217548076923076816e-01
2.241586538461538547e-01
2.181490384615384637e-01
2.157451923076923184e-01
2.133413461538461453e-01
2.115384615384615363e-01
2.223557692307692180e-01
2.205528846153846090e-01
2.217548076923076816e-01
2.139423076923076816e-01
2.211538461538461453e-01
2.187500000000000000e-01
2.199519230769230727e-01
2.259615384615384637e-01
2.193509615384615363e-01
2.277644230769230727e-01
2.097355769230769273e-01
2.223557692307692180e-01
2.265625000000000000e-01
2.193509615384615363e-01
2.301682692307692180e-01
2.253605769230769273e-01
2.229567307692307820e-01
2.253605769230769273e-01
2.271634615384615363e-01
2.205528846153846090e-01
2.085336538461538547e-01
2.307692307692307820e-01
2.115384615384615363e-01
2.277644230769230727e-01
2.151442307692307820e-01
2.271634615384615363e-01
2.211538461538461453e-01
2.145432692307692180e-01
2.223557692307692180e-01
2.163461538461538547e-01
2.109375000000000000e-01
2.193509615384615363e-01
2.259615384615384637e-01
2.283653846153846090e-01
2.295673076923076816e-01
2.067307692307692180e-01
2.181490384615384637e-01
2.235576923076923184e-01
2.139423076923076816e-01
2.145432692307692180e-01
2.229567307692307820e-01
2.187500000000000000e-01
2.103365384615384637e-01
2.223557692307692180e-01
2.169471153846153910e-01
2.289663461538461453e-01
2.157451923076923184e-01
2.295673076923076816e-01
2.217548076923076816e-01
2.211538461538461453e-01
2.235576923076923184e-01
2.271634615384615363e-01
2.235576923076923184e-01
2.283653846153846090e-01
2.145432692307692180e-01
2.211538461538461453e-01
2.265625000000000000e-01
2.169471153846153910e-01
2.157451923076923184e-01
2.103365384615384637e-01
2.271634615384615363e-01
2.229567307692307820e-01
2.235576923076923184e-01
2.277644230769230727e-01
2.037259615384615363e-01
2.313701923076923184e-01
2.193509615384615363e-01
2.115384615384615363e-01
2.139423076923076816e-01
2.331730769230769273e-01
2.163461538461538547e-01
2.127403846153846090e-01
2.217548076923076816e-01
2.307692307692307820e-01
2.259615384615384637e-01
2.277644230769230727e-01
2.253605769230769273e-01
2.169471153846153910e-01
2.289663461538461453e-01
2.253605769230769273e-01
2.205528846153846090e-01
2.283653846153846090e-01
2.271634615384615363e-01
2.235576923076923184e-01
2.217548076923076816e-01
2.133413461538461453e-01
2.301682692307692180e-01
2.259615384615384637e-01
2.127403846153846090e-01
2.217548076923076816e-01
2.289663461538461453e-01
2.295673076923076816e-01
2.223557692307692180e-01
2.073317307692307820e-01
2.031250000000000000e-01
2.211538461538461453e-01
2.295673076923076816e-01
2.109375000000000000e-01
2.109375000000000000e-01
2.289663461538461453e-01
2.121394230769230727e-01
2.295673076923076816e-01
2.145432692307692180e-01
2.265625000000000000e-01
2.181490384615384637e-01
2.247596153846153910e-01
2.259615384615384637e-01
2.385817307692307820e-01
2.283653846153846090e-01
