3.506944444444444475e-02
6.427556818181817677e-02
9.943181818181817677e-02
1.374289772727272652e-01
1.542968750000000000e-01
1.658380681818181768e-01
1.779119318181818232e-01
1.976207386363636465e-01
2.040127840909090884e-01
2.199928977272727348e-01
2.295809659090909116e-01
2.434303977272727348e-01
2.578125000000000000e-01
2.705965909090908839e-01
2.833806818181818232e-01
3.041548295454545303e-01
3.235085227272727071e-01
3.469460227272727071e-01
3.648792613636363535e-01
3.909801136363636465e-01
4.073153409090908839e-01
4.236505681818181768e-01
4.611150568181818232e-01
4.815340909090908839e-01
5.104758522727272929e-01
5.319602272727272929e-01
5.635653409090909394e-01
5.763494318181817677e-01
5.990767045454545858e-01
6.212713068181817677e-01
6.424005681818182323e-01
6.724076704545454142e-01
6.928267045454545858e-01
6.962002840909090606e-01
7.207031250000000000e-01
7.372159090909090606e-01
7.507102272727272929e-01
7.665127840909090606e-01
7.761008522727272929e-01
7.819602272727272929e-01
7.936789772727272929e-01
8.091264204545454142e-01
8.172940340909090606e-01
8.316761363636363535e-01
8.316761363636363535e-01
8.536931818181817677e-01
8.492542613636363535e-01
8.639914772727272929e-01
8.659446022727272929e-01
8.741122159090909394e-01
8.787286931818182323e-01
8.899147727272727071e-01
8.904474431818182323e-01
9.002130681818182323e-01
9.011008522727272929e-01
9.069602272727272929e-01
9.069602272727272929e-01
9.195667613636363535e-01
9.218750000000000000e-01
9.243607954545454142e-01
9.206321022727272929e-01
9.295099431818182323e-01
9.238281250000000000e-01
9.268465909090909394e-01
9.282670454545454142e-01
9.328835227272727071e-01
9.364346590909090606e-01
9.355468750000000000e-01
9.373224431818182323e-01
9.442471590909090606e-01
9.419389204545454142e-01
9.419389204545454142e-01
9.460227272727272929e-01
9.419389204545454142e-01
9.485085227272727071e-01
9.518821022727272929e-01
9.483309659090909394e-01
9.511718750000000000e-01
9.575639204545454142e-01
9.524147727272727071e-01
9.506392045454545858e-01
9.547230113636363535e-01
9.600497159090909394e-01
9.604048295454545858e-01
9.579190340909090606e-01
9.593394886363636465e-01
9.620028409090909394e-01
9.593394886363636465e-01
9.609375000000000000e-01
9.596946022727272929e-01
9.570312500000000000e-01
9.620028409090909394e-01
9.634232954545454142e-01
9.639559659090909394e-01
9.669744318181817677e-01
9.667968750000000000e-01
9.657315340909090606e-01
9.673295454545454142e-01
9.653764204545454142e-01
9.698153409090909394e-01
9.662642045454545858e-01
9.666193181818182323e-01
9.710582386363636465e-01
9.673295454545454142e-01
9.683948863636363535e-01
9.628906250000000000e-01
9.643110795454545858e-01
9.667968750000000000e-01
9.676846590909090606e-01
9.673295454545454142e-01
9.680397727272727071e-01
9.632457386363636465e-01
9.673295454545454142e-01
9.694602272727272929e-01
9.666193181818182323e-01
9.692826704545454142e-01
9.715909090909090606e-01
9.685724431818182323e-01
9.691051136363636465e-01
9.710582386363636465e-01
9.730113636363636465e-01
9.735440340909090606e-01
9.707031250000000000e-01
9.778053977272727071e-01
9.735440340909090606e-01
9.717684659090909394e-01
9.737215909090909394e-01
9.774502840909090606e-01
9.717684659090909394e-01
9.751420454545454142e-01
9.723011363636363535e-01
9.758522727272727071e-01
9.735440340909090606e-01
9.728338068181817677e-01
9.728338068181817677e-01
9.747869318181817677e-01
9.698153409090909394e-01
9.712357954545454142e-01
9.731889204545454142e-01
9.726562500000000000e-01
9.719460227272727071e-01
9.760298295454545858e-01
9.740767045454545858e-01
9.730113636363636465e-01
9.769176136363636465e-01
9.738991477272727071e-01
9.753196022727272929e-01
9.758522727272727071e-01
9.767400568181817677e-01
9.733664772727272929e-01
9.726562500000000000e-01
9.705255681818182323e-01
9.717684659090909394e-01
9.754971590909090606e-01
9.742542613636363535e-01
9.765625000000000000e-01
9.767400568181817677e-01
9.754971590909090606e-01
9.794034090909090606e-01
9.754971590909090606e-01
9.797585227272727071e-01
9.770951704545454142e-01
9.774502840909090606e-01
9.767400568181817677e-01
9.758522727272727071e-01
9.795809659090909394e-01
9.776278409090909394e-01
9.763849431818182323e-01
9.747869318181817677e-01
9.776278409090909394e-01
9.792258522727272929e-01
9.769176136363636465e-01
9.763849431818182323e-01
9.765625000000000000e-01
9.794034090909090606e-01
9.742542613636363535e-01
9.769176136363636465e-01
9.774502840909090606e-01
9.778053977272727071e-01
9.776278409090909394e-01
9.763849431818182323e-01
9.749644886363636465e-01
9.785156250000000000e-01
9.747869318181817677e-01
9.737215909090909394e-01
9.781605113636363535e-01
9.810014204545454142e-01
9.795809659090909394e-01
9.804687500000000000e-01
9.781605113636363535e-01
9.802911931818182323e-01
9.817116477272727071e-01
9.795809659090909394e-01
9.746093750000000000e-01
9.769176136363636465e-01
9.751420454545454142e-01
9.776278409090909394e-01
9.778053977272727071e-01
9.781605113636363535e-01
9.770951704545454142e-01
9.767400568181817677e-01
9.760298295454545858e-01
9.774502840909090606e-01
9.794034090909090606e-01
9.776278409090909394e-01
9.797585227272727071e-01
9.801136363636363535e-01
9.776278409090909394e-01
9.792258522727272929e-01
9.779829545454545858e-01
9.804687500000000000e-01
9.765625000000000000e-01
9.776278409090909394e-01
9.797585227272727071e-01
9.810014204545454142e-01
9.795809659090909394e-01
9.779829545454545858e-01
9.747869318181817677e-01
9.774502840909090606e-01
9.786931818181817677e-01
9.778053977272727071e-01
9.786931818181817677e-01
9.801136363636363535e-01
9.811789772727272929e-01
9.792258522727272929e-01
9.799360795454545858e-01
9.760298295454545858e-01
9.795809659090909394e-01
9.792258522727272929e-01
9.799360795454545858e-01
9.797585227272727071e-01
9.786931818181817677e-01
9.794034090909090606e-01
9.811789772727272929e-01
9.810014204545454142e-01
9.785156250000000000e-01
9.825994318181817677e-01
9.811789772727272929e-01
9.788707386363636465e-01
9.799360795454545858e-01
9.818892045454545858e-01
9.810014204545454142e-01
9.836647727272727071e-01
9.831321022727272929e-01
9.822443181818182323e-01
9.813565340909090606e-01
9.799360795454545858e-01
9.785156250000000000e-01
9.825994318181817677e-01
9.849076704545454142e-01
9.843750000000000000e-01
9.806463068181817677e-01
9.801136363636363535e-01
9.817116477272727071e-01
9.792258522727272929e-01
9.801136363636363535e-01
