4.161005434782608786e-02
8.072916666666667129e-02
1.072916666666666602e-01
1.409722222222222210e-01
1.631944444444444475e-01
1.786458333333333370e-01
1.927083333333333426e-01
2.088541666666666741e-01
2.184027777777777790e-01
2.336805555555555580e-01
2.465277777777777901e-01
2.595486111111111049e-01
2.855902777777777901e-01
3.029513888888888951e-01
3.145833333333333259e-01
3.434027777777777790e-01
3.614583333333333259e-01
3.854166666666666852e-01
4.010416666666666852e-01
4.359374999999999778e-01
4.576388888888888729e-01
4.894097222222222321e-01
5.173611111111111605e-01
5.420138888888889062e-01
5.720486111111111605e-01
6.039930555555556024e-01
6.203125000000000444e-01
6.390624999999999778e-01
6.640625000000000000e-01
6.751736111111110716e-01
7.046875000000000222e-01
7.236111111111110938e-01
7.456597222222222099e-01
7.618055555555555136e-01
7.732638888888888618e-01
7.913194444444444642e-01
8.026041666666666741e-01
8.105902777777778123e-01
8.258680555555555358e-01
8.322916666666666519e-01
8.376736111111111605e-01
8.456597222222221877e-01
8.612847222222221877e-01
8.678819444444444420e-01
8.697916666666666297e-01
8.843750000000000222e-01
8.868055555555555136e-01
8.890624999999999778e-01
8.925347222222221877e-01
8.982638888888888618e-01
