3.197897320621083672e-01
3.618642388562199885e-01
3.769985702924461557e-01
3.895960570853569949e-01
4.209300775745963841e-01
4.699958787406890437e-01
4.923112328795867243e-01
5.193166789183830678e-01
5.410924135985064609e-01
5.573282309112568278e-01
5.790516425554531610e-01
5.948194767410509565e-01
6.145934982534188018e-01
6.292693445585620937e-01
6.447352338153389262e-01
6.647821316020141591e-01
6.758721225251733689e-01
7.013043314588058852e-01
7.124260601741075893e-01
7.384802816976511197e-01
7.567376241309751173e-01
7.838857264311072104e-01
8.004529573367948903e-01
8.184326900568068552e-01
8.359378777539211436e-01
8.499105513794074085e-01
8.647404873791803004e-01
8.764512132202015859e-01
8.873540036684041121e-01
8.969700709907658664e-01
9.021449300536331650e-01
9.140883348603624503e-01
9.254862619291592818e-01
9.281002343251091302e-01
9.329389273706027996e-01
9.420382262498376846e-01
9.436236174607268712e-01
9.449207129724893628e-01
9.510361750394643598e-01
9.517253103804750314e-01
9.516041962553436484e-01
9.552370381397312649e-01
9.563782905691232683e-01
9.580076898861455970e-01
9.593832882787565186e-01
9.612413679958511370e-01
9.609045850339887895e-01
9.626664822876007666e-01
9.633535825425054711e-01
9.633606042173271655e-01
9.638435659261220811e-01
9.646944017756644563e-01
9.638477754039479484e-01
9.645001742902976627e-01
9.644026876334481635e-01
9.642858409366092953e-01
9.640376128817895740e-01
9.646888247136830019e-01
9.650553366618138673e-01
9.677859768216307002e-01
9.662996899463950351e-01
9.656845165893038763e-01
9.660658708871158185e-01
9.656431100461621009e-01
9.660410901999507693e-01
9.644607522812674860e-01
9.667847497040049642e-01
9.670623313189703474e-01
9.656337434909447737e-01
9.679453937126828444e-01
9.675559734498770936e-01
9.668026505848115182e-01
9.662035434087906660e-01
9.673877762308106254e-01
9.668629079009057881e-01
9.683964249602550201e-01
9.692345528566974622e-01
9.676571076328145393e-01
9.677375401874459548e-01
9.671918132532190127e-01
9.678375337805683598e-01
9.660483649468297740e-01
9.674816312673640839e-01
9.670118099918474375e-01
9.688028757515275702e-01
9.679327713954088974e-01
9.680993879175375794e-01
9.685133475457213814e-01
9.682396539679960501e-01
9.662956995577548502e-01
9.671516031075826358e-01
9.652468213679266107e-01
9.680358714982000290e-01
9.661630563458402099e-01
9.668603938132757092e-01
9.675361917367016895e-01
9.685234307842018886e-01
9.683176950598068045e-01
9.681368051874823522e-01
9.663941797672193079e-01
9.682221538388116056e-01
9.672300589716589236e-01
9.677968985661244972e-01
9.679096653706692477e-01
9.674872037405707337e-01
9.682374648683681473e-01
9.684775965784826468e-01
9.684381911074203542e-01
9.668366452823216051e-01
9.658926074664127004e-01
9.675113494574145712e-01
9.679981846448557636e-01
9.669022292510912608e-01
9.679807188266356111e-01
9.665117234869284868e-01
9.684131011800882760e-01
9.675613932005117102e-01
9.681720440873189393e-01
9.686914614682312630e-01
9.681180259459053472e-01
9.685562346269986911e-01
9.677675923975311845e-01
9.689402774319055833e-01
9.686248121763949559e-01
9.685670376773166668e-01
9.680103301362649182e-01
9.680259536058777314e-01
9.675726772276839194e-01
9.673425839798205361e-01
9.677957304718804998e-01
9.695686660479591046e-01
9.686577849190161071e-01
9.684636307000802358e-01
9.679335512510930384e-01
9.672273881948858509e-01
9.682894413328145822e-01
9.675566839564241350e-01
9.676984996865258815e-01
9.677326186321917323e-01
9.662366097107220053e-01
9.666130723048463880e-01
9.658532907780679189e-01
9.690644798207634913e-01
9.685388575105898790e-01
9.691878501849359173e-01
9.677485366240282660e-01
9.684714737542783336e-01
9.688882694479742375e-01
9.678321598832547723e-01
9.690237570119124566e-01
9.690838646745404406e-01
9.668463554725706954e-01
9.674857368865394935e-01
9.675230583181458899e-01
9.670137019918099153e-01
9.678421945683511884e-01
9.670664112111185817e-01
9.687891406118923632e-01
9.679725157093962418e-01
9.675748920761640948e-01
9.683408514696812963e-01
9.670374729648583134e-01
9.680274062333065199e-01
9.672775090368259665e-01
9.689507896800653164e-01
9.692773157409615425e-01
9.685372654463040298e-01
9.687775044418769355e-01
9.682783672608861192e-01
9.687589796367923611e-01
9.685045154290131686e-01
9.667400934783041411e-01
9.681257216406768951e-01
9.692203106971712945e-01
9.687735803477831587e-01
9.675862287682963636e-01
9.686615559402617093e-01
9.674894786905471333e-01
9.683701376940494487e-01
9.689685720243663702e-01
9.677357786468312462e-01
9.693446010542200453e-01
9.678883267194987594e-01
9.687910925158084163e-01
9.679016292713454872e-01
9.679301854087066781e-01
9.683824636907114591e-01
9.678330184114434243e-01
9.686211950145101612e-01
9.690019398307537779e-01
9.686208718648453564e-01
9.695201847475388712e-01
9.682876834806622979e-01
9.687343858250292428e-01
9.674137156114194225e-01
9.680522851731852008e-01
9.674023159037934416e-01
9.664694581138217888e-01
9.677705158933201934e-01
9.685886147439003446e-01
9.680716937611603123e-01
9.677747932463814928e-01
9.687477720732606823e-01
9.689478746574902157e-01
9.696658443202843536e-01
9.680585830763391852e-01
9.680088438596422540e-01
9.680941827595497262e-01
9.689831134211160935e-01
9.689116169068003881e-01
9.685790393291289213e-01
9.688339996995175563e-01
9.692560555151429336e-01
9.677015407177091966e-01
9.690615019448297618e-01
9.695916608719165053e-01
9.685893875982258816e-01
9.674241737936073449e-01
9.684988424686259423e-01
9.694354513541149077e-01
9.691662618168706000e-01
9.672972705575313412e-01
9.689424590362506473e-01
9.686215793851067346e-01
9.702609403844579816e-01
9.693861497250088055e-01
9.689167781118521727e-01
9.689000618969508816e-01
9.692446169076439633e-01
9.674613723692305767e-01
9.679885501011099569e-01
9.681697393151444953e-01
9.678043171486151452e-01
9.683479937856007691e-01
9.680802349351489422e-01
9.691165309194348376e-01
9.677601576857259857e-01
9.692495861667399515e-01
9.674138409004754413e-01
9.674622621484069152e-01
9.689887964728648440e-01
9.676813175976591852e-01
9.684227428389142744e-01
9.692094049108473941e-01
9.691265033158323883e-01
9.694016309088000494e-01
9.693306969016096675e-01
9.678648119287441842e-01
9.687704322698843518e-01
9.679430585019156430e-01
9.687479291859537600e-01
9.689511870190928855e-01
9.681941033228409488e-01
9.697975008587073065e-01
9.689951526917438551e-01
9.699946560028068765e-01
