5.288461538461538408e-02
7.617187500000000000e-02
1.263020833333333426e-01
1.354166666666666574e-01
1.471354166666666574e-01
1.666666666666666574e-01
1.842447916666666574e-01
2.011718750000000000e-01
1.933593750000000000e-01
2.044270833333333426e-01
2.194010416666666574e-01
2.187500000000000000e-01
2.246093750000000000e-01
2.324218750000000000e-01
2.194010416666666574e-01
2.239583333333333426e-01
2.194010416666666574e-01
2.194010416666666574e-01
2.194010416666666574e-01
2.187500000000000000e-01
2.239583333333333426e-01
2.272135416666666574e-01
2.180989583333333426e-01
2.298177083333333426e-01
2.233072916666666574e-01
2.102864583333333426e-01
2.089843750000000000e-01
2.174479166666666574e-01
2.102864583333333426e-01
2.207031250000000000e-01
2.194010416666666574e-01
2.167968750000000000e-01
2.115885416666666574e-01
2.174479166666666574e-01
2.083333333333333426e-01
2.122395833333333426e-01
2.200520833333333426e-01
2.089843750000000000e-01
2.122395833333333426e-01
2.135416666666666574e-01
2.213541666666666574e-01
2.194010416666666574e-01
2.089843750000000000e-01
2.083333333333333426e-01
2.141927083333333426e-01
2.148437500000000000e-01
2.233072916666666574e-01
2.194010416666666574e-01
2.148437500000000000e-01
2.213541666666666574e-01
2.089843750000000000e-01
2.063802083333333426e-01
2.180989583333333426e-01
2.102864583333333426e-01
2.154947916666666574e-01
2.115885416666666574e-01
2.031250000000000000e-01
2.070312500000000000e-01
2.180989583333333426e-01
2.200520833333333426e-01
2.115885416666666574e-01
2.154947916666666574e-01
2.148437500000000000e-01
2.122395833333333426e-01
2.167968750000000000e-01
2.076822916666666574e-01
2.246093750000000000e-01
2.207031250000000000e-01
2.096354166666666574e-01
2.044270833333333426e-01
2.135416666666666574e-01
2.109375000000000000e-01
2.148437500000000000e-01
2.011718750000000000e-01
2.167968750000000000e-01
2.096354166666666574e-01
2.167968750000000000e-01
2.187500000000000000e-01
2.096354166666666574e-01
2.135416666666666574e-01
1.979166666666666574e-01
2.018229166666666574e-01
2.141927083333333426e-01
2.083333333333333426e-01
2.220052083333333426e-01
2.200520833333333426e-01
2.148437500000000000e-01
2.109375000000000000e-01
2.089843750000000000e-01
2.265625000000000000e-01
2.063802083333333426e-01
2.174479166666666574e-01
2.207031250000000000e-01
2.115885416666666574e-01
2.187500000000000000e-01
2.089843750000000000e-01
2.154947916666666574e-01
2.128906250000000000e-01
2.207031250000000000e-01
2.141927083333333426e-01
2.128906250000000000e-01
2.220052083333333426e-01
2.115885416666666574e-01
2.083333333333333426e-01
2.272135416666666574e-01
2.141927083333333426e-01
2.167968750000000000e-01
2.161458333333333426e-01
2.115885416666666574e-01
2.096354166666666574e-01
2.037760416666666574e-01
2.096354166666666574e-01
2.128906250000000000e-01
2.122395833333333426e-01
2.161458333333333426e-01
2.213541666666666574e-01
2.018229166666666574e-01
2.135416666666666574e-01
2.167968750000000000e-01
2.194010416666666574e-01
2.115885416666666574e-01
2.083333333333333426e-01
2.246093750000000000e-01
2.213541666666666574e-01
2.122395833333333426e-01
2.122395833333333426e-01
2.024739583333333426e-01
2.226562500000000000e-01
2.115885416666666574e-01
2.161458333333333426e-01
2.102864583333333426e-01
2.330729166666666574e-01
2.102864583333333426e-01
2.115885416666666574e-01
2.115885416666666574e-01
2.128906250000000000e-01
2.200520833333333426e-01
2.161458333333333426e-01
2.122395833333333426e-01
2.128906250000000000e-01
2.141927083333333426e-01
2.109375000000000000e-01
2.122395833333333426e-01
2.259114583333333426e-01
2.115885416666666574e-01
2.174479166666666574e-01
2.207031250000000000e-01
2.259114583333333426e-01
2.122395833333333426e-01
2.304687500000000000e-01
2.141927083333333426e-01
2.220052083333333426e-01
2.141927083333333426e-01
2.187500000000000000e-01
2.278645833333333426e-01
2.272135416666666574e-01
2.128906250000000000e-01
2.148437500000000000e-01
2.272135416666666574e-01
2.207031250000000000e-01
2.246093750000000000e-01
2.285156250000000000e-01
2.239583333333333426e-01
2.226562500000000000e-01
2.233072916666666574e-01
2.148437500000000000e-01
2.285156250000000000e-01
2.063802083333333426e-01
2.259114583333333426e-01
2.154947916666666574e-01
2.220052083333333426e-01
2.154947916666666574e-01
2.291666666666666574e-01
2.024739583333333426e-01
2.382812500000000000e-01
2.213541666666666574e-01
2.096354166666666574e-01
2.135416666666666574e-01
2.083333333333333426e-01
2.122395833333333426e-01
2.076822916666666574e-01
2.122395833333333426e-01
2.213541666666666574e-01
2.174479166666666574e-01
2.246093750000000000e-01
2.154947916666666574e-01
2.141927083333333426e-01
2.220052083333333426e-01
2.070312500000000000e-01
2.024739583333333426e-01
2.194010416666666574e-01
2.187500000000000000e-01
2.115885416666666574e-01
1.998697916666666574e-01
2.161458333333333426e-01
2.174479166666666574e-01
2.272135416666666574e-01
2.233072916666666574e-01
2.089843750000000000e-01
2.161458333333333426e-01
2.174479166666666574e-01
2.220052083333333426e-01
2.148437500000000000e-01
2.200520833333333426e-01
2.031250000000000000e-01
2.122395833333333426e-01
2.207031250000000000e-01
2.154947916666666574e-01
2.200520833333333426e-01
2.180989583333333426e-01
2.213541666666666574e-01
2.167968750000000000e-01
2.213541666666666574e-01
2.102864583333333426e-01
2.213541666666666574e-01
2.187500000000000000e-01
2.122395833333333426e-01
2.233072916666666574e-01
2.233072916666666574e-01
2.154947916666666574e-01
2.154947916666666574e-01
2.187500000000000000e-01
2.102864583333333426e-01
2.141927083333333426e-01
2.207031250000000000e-01
2.089843750000000000e-01
2.128906250000000000e-01
2.070312500000000000e-01
2.350260416666666574e-01
2.207031250000000000e-01
2.285156250000000000e-01
2.141927083333333426e-01
2.291666666666666574e-01
2.109375000000000000e-01
2.213541666666666574e-01
2.161458333333333426e-01
2.102864583333333426e-01
2.154947916666666574e-01
2.154947916666666574e-01
2.233072916666666574e-01
2.148437500000000000e-01
2.122395833333333426e-01
2.148437500000000000e-01
2.265625000000000000e-01
2.180989583333333426e-01
2.265625000000000000e-01
2.272135416666666574e-01
2.167968750000000000e-01
2.200520833333333426e-01
2.187500000000000000e-01
2.037760416666666574e-01
2.252604166666666574e-01
2.161458333333333426e-01
2.180989583333333426e-01
2.109375000000000000e-01
2.291666666666666574e-01
