5.298913043478260809e-02
8.003472222222221544e-02
1.258680555555555525e-01
1.498263888888888840e-01
1.638888888888888895e-01
1.796875000000000000e-01
2.006944444444444531e-01
2.151041666666666796e-01
2.302083333333333204e-01
2.388888888888889006e-01
2.595486111111111049e-01
2.750000000000000222e-01
2.963541666666666408e-01
3.164930555555555691e-01
3.479166666666666519e-01
3.737847222222221988e-01
4.032986111111110938e-01
4.444444444444444198e-01
4.706597222222222432e-01
5.157986111111111382e-01
5.532986111111111160e-01
6.006944444444444198e-01
6.368055555555555136e-01
6.755208333333333481e-01
7.038194444444444420e-01
7.342013888888888618e-01
7.670138888888888840e-01
7.947916666666666741e-01
8.159722222222222099e-01
8.371527777777777457e-01
8.494791666666666741e-01
8.668402777777777235e-01
8.904513888888888618e-01
8.996527777777777457e-01
9.098958333333333481e-01
9.276041666666666741e-01
9.298611111111111382e-01
9.331597222222222099e-01
9.470486111111111605e-01
9.486111111111110716e-01
9.494791666666666519e-01
9.565972222222222099e-01
9.583333333333333703e-01
9.638888888888889062e-01
9.640625000000000444e-01
9.670138888888888395e-01
9.678819444444444198e-01
9.697916666666667185e-01
9.713541666666666297e-01
9.739583333333333703e-01
9.753472222222222543e-01
9.765625000000000000e-01
9.727430555555555136e-01
9.737847222222222321e-01
9.749999999999999778e-01
9.744791666666666741e-01
9.741319444444443976e-01
9.753472222222222543e-01
9.763888888888888618e-01
9.810763888888889284e-01
9.805555555555555136e-01
9.781250000000000222e-01
9.795138888888889062e-01
9.776041666666667185e-01
9.765625000000000000e-01
9.770833333333333037e-01
9.788194444444444642e-01
9.810763888888889284e-01
9.777777777777777457e-01
9.803819444444444864e-01
9.809027777777777901e-01
9.821180555555555358e-01
9.810763888888889284e-01
9.819444444444443976e-01
9.817708333333333703e-01
9.845486111111111382e-01
9.843750000000000000e-01
9.822916666666666741e-01
9.824652777777778123e-01
9.822916666666666741e-01
9.817708333333333703e-01
9.793402777777777679e-01
9.821180555555555358e-01
9.826388888888888395e-01
9.829861111111111160e-01
9.821180555555555358e-01
9.821180555555555358e-01
9.843750000000000000e-01
9.831597222222222543e-01
9.803819444444444864e-01
9.807291666666666519e-01
9.770833333333333037e-01
9.819444444444443976e-01
9.815972222222222321e-01
9.819444444444443976e-01
9.822916666666666741e-01
9.842013888888888618e-01
9.842013888888888618e-01
9.814236111111110938e-01
9.802083333333333481e-01
9.850694444444444420e-01
9.838541666666666963e-01
9.812499999999999556e-01
9.840277777777777235e-01
9.828124999999999778e-01
9.842013888888888618e-01
9.843750000000000000e-01
9.843750000000000000e-01
9.815972222222222321e-01
9.782986111111111605e-01
9.805555555555555136e-01
9.833333333333332815e-01
9.817708333333333703e-01
9.822916666666666741e-01
9.812499999999999556e-01
9.836805555555555580e-01
9.833333333333332815e-01
9.828124999999999778e-01
9.840277777777777235e-01
9.828124999999999778e-01
9.829861111111111160e-01
9.819444444444443976e-01
9.855902777777777457e-01
9.835069444444444198e-01
9.838541666666666963e-01
9.835069444444444198e-01
9.828124999999999778e-01
9.829861111111111160e-01
9.829861111111111160e-01
9.829861111111111160e-01
9.842013888888888618e-01
9.828124999999999778e-01
9.828124999999999778e-01
9.822916666666666741e-01
9.824652777777778123e-01
9.829861111111111160e-01
9.807291666666666519e-01
9.819444444444443976e-01
9.821180555555555358e-01
9.812499999999999556e-01
9.809027777777777901e-01
9.786458333333333259e-01
9.850694444444444420e-01
9.847222222222222765e-01
9.835069444444444198e-01
9.817708333333333703e-01
9.831597222222222543e-01
9.835069444444444198e-01
9.836805555555555580e-01
9.850694444444444420e-01
9.868055555555556024e-01
9.822916666666666741e-01
9.814236111111110938e-01
9.829861111111111160e-01
9.810763888888889284e-01
9.817708333333333703e-01
9.819444444444443976e-01
9.838541666666666963e-01
9.838541666666666963e-01
9.831597222222222543e-01
9.848958333333333037e-01
9.819444444444443976e-01
9.843750000000000000e-01
9.826388888888888395e-01
9.852430555555555802e-01
9.861111111111111605e-01
9.848958333333333037e-01
9.848958333333333037e-01
9.845486111111111382e-01
9.852430555555555802e-01
9.835069444444444198e-01
9.822916666666666741e-01
9.848958333333333037e-01
9.854166666666667185e-01
9.855902777777777457e-01
9.836805555555555580e-01
9.838541666666666963e-01
9.828124999999999778e-01
9.843750000000000000e-01
9.852430555555555802e-01
9.842013888888888618e-01
9.854166666666667185e-01
9.836805555555555580e-01
9.845486111111111382e-01
9.838541666666666963e-01
9.829861111111111160e-01
9.842013888888888618e-01
9.843750000000000000e-01
9.847222222222222765e-01
9.842013888888888618e-01
9.843750000000000000e-01
9.861111111111111605e-01
9.840277777777777235e-01
9.845486111111111382e-01
9.838541666666666963e-01
9.833333333333332815e-01
9.824652777777778123e-01
9.800347222222222099e-01
9.840277777777777235e-01
9.850694444444444420e-01
9.836805555555555580e-01
9.836805555555555580e-01
9.864583333333333259e-01
9.855902777777777457e-01
9.866319444444444642e-01
9.850694444444444420e-01
9.847222222222222765e-01
9.848958333333333037e-01
9.861111111111111605e-01
9.833333333333332815e-01
9.848958333333333037e-01
9.836805555555555580e-01
9.859375000000000222e-01
9.833333333333332815e-01
9.843750000000000000e-01
9.869791666666666297e-01
9.845486111111111382e-01
9.828124999999999778e-01
9.843750000000000000e-01
9.868055555555556024e-01
9.845486111111111382e-01
9.840277777777777235e-01
9.845486111111111382e-01
9.854166666666667185e-01
9.864583333333333259e-01
9.852430555555555802e-01
9.852430555555555802e-01
9.862847222222221877e-01
9.855902777777777457e-01
9.829861111111111160e-01
9.838541666666666963e-01
9.842013888888888618e-01
9.836805555555555580e-01
9.831597222222222543e-01
9.843750000000000000e-01
9.857638888888888840e-01
9.822916666666666741e-01
9.852430555555555802e-01
9.843750000000000000e-01
9.833333333333332815e-01
9.840277777777777235e-01
9.822916666666666741e-01
9.845486111111111382e-01
9.857638888888888840e-01
9.854166666666667185e-01
9.855902777777777457e-01
9.868055555555556024e-01
9.845486111111111382e-01
9.845486111111111382e-01
9.840277777777777235e-01
9.854166666666667185e-01
9.862847222222221877e-01
9.840277777777777235e-01
9.862847222222221877e-01
9.857638888888888840e-01
9.857638888888888840e-01
