3.332231348890376532e-01
3.882161971647860033e-01
4.476305061212127456e-01
4.822102753429582944e-01
5.256235822974295591e-01
5.473030270995760116e-01
5.743726612943224064e-01
5.960575133053419572e-01
6.169688611503755249e-01
6.335256655420593574e-01
6.532465550389493503e-01
6.751300805803192029e-01
6.871850337136191644e-01
7.079092174502346069e-01
7.277530366193261102e-01
7.497932067814331303e-01
7.679314295723357331e-01
7.868933355300175014e-01
8.098469006246711288e-01
8.306365792059913211e-01
8.440004562656955311e-01
8.611251608439739469e-01
8.723357925445189842e-01
8.839680097898471312e-01
9.000877079785025714e-01
9.062067797071220454e-01
9.148560377312313641e-01
9.252772345534617804e-01
9.313661307287629532e-01
9.379557718801934119e-01
9.404121434484207231e-01
9.441607626424196598e-01
9.477664233628657620e-01
9.524568385401505077e-01
9.550946108412087243e-01
9.600392710458816037e-01
9.576862675573294403e-01
9.601176998031027976e-01
9.598655318319190277e-01
9.608792737891106439e-01
9.632590052361389432e-01
9.644812642005109460e-01
9.658914544803374191e-01
9.654291568218058561e-01
9.643847389458197750e-01
9.654509490695643015e-01
9.658846796214789476e-01
9.651981686531169169e-01
9.664385804003249314e-01
9.666973231754671936e-01
