3.311541207063052328e-01
3.934536277773493240e-01
4.168525776967563212e-01
4.898678120184770668e-01
5.203585142081083026e-01
5.508854051316119937e-01
5.709008729984283992e-01
5.894199471335748175e-01
6.093953145293179441e-01
6.279352659799799508e-01
6.451379544129405286e-01
6.659498837887333211e-01
6.837028989323872263e-01
6.997788557216446659e-01
7.286040743930582986e-01
7.446573569836906215e-01
7.670294632003270552e-01
7.886529452878050517e-01
8.073735450866922347e-01
8.258375324755058422e-01
8.379350385586602501e-01
8.553185783671987119e-01
8.711736568744136155e-01
8.760989658557473136e-01
8.835764948466391377e-01
8.968963136305243555e-01
9.088599064103409786e-01
9.156846193826337910e-01
9.238568168177068163e-01
9.329641253046414562e-01
9.368121850917255911e-01
9.414854764721599656e-01
9.465006315985245999e-01
9.506991434629004090e-01
9.508869827388781726e-01
9.553841867250533193e-01
9.565881435686247602e-01
9.590652905900924896e-01
9.617099254286703980e-01
9.631278761358240681e-01
9.630477792526483949e-01
9.642862725662525447e-01
9.648820370577744221e-01
9.642894993394868219e-01
9.675442732382673050e-01
9.657877032774550008e-01
9.660443772468685353e-01
9.676433975348526229e-01
9.684101739692160260e-01
9.662654056028392446e-01
