8.473557692307692735e-02
1.340625000000000011e-01
1.512499999999999956e-01
1.868750000000000133e-01
1.993749999999999967e-01
2.124999999999999944e-01
2.146875000000000033e-01
2.243749999999999911e-01
2.371874999999999956e-01
2.403125000000000122e-01
2.387499999999999900e-01
2.575000000000000067e-01
2.515625000000000222e-01
2.428124999999999867e-01
2.506249999999999867e-01
2.584374999999999867e-01
2.415625000000000133e-01
2.456250000000000100e-01
2.453124999999999889e-01
2.512499999999999734e-01
2.356250000000000011e-01
2.393750000000000044e-01
2.487499999999999989e-01
2.356250000000000011e-01
2.362499999999999878e-01
2.353125000000000078e-01
2.303125000000000033e-01
2.403125000000000122e-01
2.309374999999999900e-01
2.337500000000000133e-01
2.431250000000000078e-01
2.306249999999999967e-01
2.428124999999999867e-01
2.353125000000000078e-01
2.271874999999999867e-01
2.381250000000000033e-01
2.303125000000000033e-01
2.268749999999999933e-01
2.278125000000000011e-01
2.293749999999999956e-01
2.365625000000000089e-01
2.390625000000000111e-01
2.253124999999999989e-01
2.343750000000000000e-01
2.321874999999999911e-01
2.290625000000000022e-01
2.321874999999999911e-01
2.281249999999999944e-01
2.287500000000000089e-01
2.343750000000000000e-01
