7.421875000000000000e-02
1.650000000000000078e-01
1.824999999999999956e-01
2.053125000000000089e-01
2.196875000000000078e-01
2.221875000000000100e-01
2.246875000000000122e-01
2.253124999999999989e-01
2.281249999999999944e-01
2.275000000000000078e-01
2.178124999999999922e-01
2.246875000000000122e-01
2.253124999999999989e-01
2.231249999999999900e-01
2.296874999999999889e-01
2.215624999999999956e-01
2.187500000000000000e-01
2.275000000000000078e-01
2.215624999999999956e-01
2.256249999999999922e-01
2.250000000000000056e-01
2.206249999999999878e-01
2.284374999999999878e-01
2.331249999999999989e-01
2.190624999999999933e-01
2.246875000000000122e-01
2.193749999999999867e-01
2.231249999999999900e-01
2.184375000000000067e-01
2.331249999999999989e-01
2.256249999999999922e-01
2.240624999999999978e-01
2.203124999999999944e-01
2.225000000000000033e-01
2.221875000000000100e-01
2.196875000000000078e-01
2.250000000000000056e-01
2.200000000000000011e-01
2.159375000000000044e-01
2.162499999999999978e-01
2.212500000000000022e-01
2.184375000000000067e-01
2.174999999999999989e-01
2.293749999999999956e-01
2.146875000000000033e-01
2.134375000000000022e-01
2.234375000000000111e-01
2.225000000000000033e-01
2.262500000000000067e-01
2.346874999999999933e-01
