5.514171511627907057e-02
9.669117647058823872e-02
1.551470588235294157e-01
1.766544117647058931e-01
2.121323529411764663e-01
2.305147058823529549e-01
2.559742647058823595e-01
2.773897058823529549e-01
3.022977941176470673e-01
3.308823529411764608e-01
3.670036764705882359e-01
4.022058823529411908e-01
4.329963235294117530e-01
4.704044117647058765e-01
5.046874999999999556e-01
5.432904411764706287e-01
5.837316176470588314e-01
6.168198529411764719e-01
6.568014705882353477e-01
6.995404411764706287e-01
7.313419117647058654e-01
7.601102941176470784e-01
7.846507352941176627e-01
8.062500000000000222e-01
8.354779411764705621e-01
8.519301470588235281e-01
8.670955882352940902e-01
8.877757352941176849e-01
9.001838235294117307e-01
9.141544117647059098e-01
9.185661764705882470e-01
9.274816176470588314e-01
9.349264705882353033e-01
9.416360294117647189e-01
9.475183823529411686e-01
9.578124999999999556e-01
9.552389705882352589e-01
9.604779411764705621e-01
9.605698529411764719e-01
9.603860294117646523e-01
9.661764705882353033e-01
9.691176470588235281e-01
9.708639705882352589e-01
9.728860294117647189e-01
9.703125000000000222e-01
9.732536764705882470e-01
9.733455882352941568e-01
9.709558823529411686e-01
9.751838235294117974e-01
9.745404411764705399e-01
