5.064655172413792816e-02
1.184593023255813976e-01
1.520712209302325646e-01
1.866824127906976660e-01
2.152071220930232565e-01
2.371002906976744096e-01
2.569040697674418450e-01
2.716206395348837455e-01
2.966024709302325646e-01
3.247638081395348708e-01
3.518350290697674354e-01
3.850835755813953321e-01
4.141533430232557933e-01
4.483103197674418450e-01
4.959120639534883579e-01
5.292514534883721034e-01
5.706758720930232842e-01
6.140079941860464574e-01
6.477107558139535426e-01
6.815043604651163101e-01
7.069404069767442067e-01
7.454578488372093359e-01
7.744367732558139483e-01
7.838844476744185608e-01
8.013263081395348708e-01
8.295784883720930258e-01
8.512899709302325091e-01
8.687318313953488191e-01
8.808139534883721034e-01
9.023437500000000000e-01
9.129723837209302584e-01
9.202398255813953876e-01
9.321402616279069742e-01
9.383175872093023617e-01
9.406795058139535426e-01
9.494912790697674909e-01
9.523982558139535426e-01
9.593023255813953876e-01
9.625726744186046124e-01
9.652979651162790775e-01
9.660247093023255349e-01
9.688408430232557933e-01
9.693859011627906641e-01
9.686591569767442067e-01
9.725654069767442067e-01
9.721111918604651292e-01
9.753815406976744651e-01
9.760174418604651292e-01
9.763808139534884134e-01
9.749273255813953876e-01
