3.886754271166681374e-01
4.344528565865429792e-01
5.000575997664770123e-01
5.417233413551336696e-01
5.822091793260641968e-01
6.187869669202085143e-01
6.583083981617874336e-01
6.989007396453305043e-01
7.400730391182838153e-01
7.841309537433355237e-01
8.105106957802609147e-01
8.339419532791263467e-01
8.534778783383918377e-01
8.653996142298504557e-01
8.767022049773526282e-01
8.908111662734298219e-01
9.013115184053793749e-01
9.023710886670747167e-01
9.108103291893548947e-01
9.172156979061634186e-01
9.219973882651016917e-01
9.285634956965586051e-01
9.343237383966442877e-01
9.389643645242847780e-01
9.422552008245361765e-01
9.465447759240024350e-01
9.470105789127102325e-01
9.511810630104730047e-01
9.522213585578178652e-01
9.430617482041269151e-01
9.480257513923198154e-01
9.516086033217527884e-01
9.563735500706699311e-01
9.596869790832646130e-01
9.595721062282011049e-01
9.614527921229388818e-01
9.636376902117237409e-01
9.655463722859165543e-01
9.647402633271170425e-01
9.670138461137250951e-01
9.655637314652459890e-01
9.671647514735310924e-01
9.676559560313440223e-01
9.681151157217061654e-01
9.687164756280367550e-01
9.677012065616331649e-01
9.682931772800917880e-01
9.686604493615051936e-01
9.687738423446418112e-01
9.691241285187495169e-01
