1.322115384615384637e-01
1.731770833333333426e-01
2.018229166666666574e-01
2.213541666666666574e-01
2.447916666666666574e-01
2.558593750000000000e-01
2.539062500000000000e-01
2.617187500000000000e-01
2.617187500000000000e-01
2.597656250000000000e-01
2.526041666666666852e-01
2.617187500000000000e-01
2.656250000000000000e-01
2.656250000000000000e-01
2.578125000000000000e-01
2.565104166666666852e-01
2.519531250000000000e-01
2.558593750000000000e-01
2.656250000000000000e-01
2.623697916666666852e-01
2.610677083333333148e-01
2.688802083333333148e-01
2.623697916666666852e-01
2.434895833333333426e-01
2.682291666666666852e-01
2.760416666666666852e-01
2.526041666666666852e-01
2.571614583333333148e-01
2.578125000000000000e-01
2.558593750000000000e-01
2.565104166666666852e-01
2.506510416666666852e-01
2.643229166666666852e-01
2.539062500000000000e-01
2.591145833333333148e-01
2.636718750000000000e-01
2.565104166666666852e-01
2.539062500000000000e-01
2.688802083333333148e-01
2.636718750000000000e-01
2.500000000000000000e-01
2.578125000000000000e-01
2.565104166666666852e-01
2.467447916666666574e-01
2.597656250000000000e-01
2.513020833333333148e-01
2.688802083333333148e-01
2.532552083333333148e-01
2.617187500000000000e-01
2.539062500000000000e-01
