1.002038043478260809e-01
1.536458333333333426e-01
1.934027777777777846e-01
2.321180555555555636e-01
2.718749999999999778e-01
3.135416666666666630e-01
3.609375000000000222e-01
4.277777777777777568e-01
4.980902777777777568e-01
5.727430555555556024e-01
6.223958333333333703e-01
6.678819444444444864e-01
7.090277777777778123e-01
7.355902777777777457e-01
7.579861111111111382e-01
7.902777777777777457e-01
8.126736111111111382e-01
8.196180555555555580e-01
8.357638888888888618e-01
8.543402777777777679e-01
8.645833333333333703e-01
8.835069444444444420e-01
8.975694444444444198e-01
9.074652777777777457e-01
9.206597222222222543e-01
9.315972222222221877e-01
9.326388888888889062e-01
9.418402777777777901e-01
9.473958333333333259e-01
9.201388888888888395e-01
9.321180555555556024e-01
9.449652777777777235e-01
9.572916666666666519e-01
9.618055555555555802e-01
9.652777777777777901e-01
9.685763888888888618e-01
9.727430555555555136e-01
9.767361111111111382e-01
9.758680555555555580e-01
9.786458333333333259e-01
9.784722222222221877e-01
9.809027777777777901e-01
9.828124999999999778e-01
9.826388888888888395e-01
9.838541666666666963e-01
9.838541666666666963e-01
9.836805555555555580e-01
9.847222222222222765e-01
9.847222222222222765e-01
9.850694444444444420e-01
