3.089515388585798439e-01
3.579447255421406293e-01
3.857151937264156616e-01
3.866883522205555868e-01
4.218952128251368672e-01
4.588158222752779514e-01
4.885831195966895413e-01
5.134173178959102746e-01
5.505114192297863029e-01
5.551133767700228150e-01
5.829453327721926259e-01
5.946149626365924146e-01
6.085353624801129735e-01
6.265543611421987569e-01
6.408210081848481066e-01
6.644515394840670997e-01
6.654737331656861432e-01
6.879492976759650213e-01
7.023624722880250637e-01
7.190607941941783432e-01
7.382264622535773535e-01
7.504276451434435113e-01
7.731771939359293189e-01
7.791282169221791509e-01
7.926398696334706617e-01
8.122297268723607244e-01
8.239208872463329447e-01
8.394895581940216012e-01
8.543668450473865805e-01
8.613334150022268210e-01
8.674527085815063598e-01
8.772546926033384374e-01
8.859417790432967399e-01
8.942418583009448252e-01
9.011682254584125751e-01
9.070285396222578234e-01
9.132301888038567572e-01
9.184401029611830580e-01
9.223518497072809019e-01
9.256041486197965629e-01
9.314649509146959439e-01
9.345416024506900676e-01
9.374839899921221242e-01
9.402102774884902869e-01
9.433704517292925695e-01
9.452519094648967890e-01
9.488249490979531187e-01
9.478865387750753380e-01
9.495180063836942130e-01
9.532903580728642190e-01
9.528878613711817547e-01
9.555318623202170292e-01
9.546605513051491521e-01
9.600255567434170523e-01
9.599036458498899638e-01
9.589769935287032476e-01
9.579464315995055435e-01
9.597971496012650539e-01
9.615075429904724746e-01
9.592159968652427260e-01
9.642791532846579639e-01
9.641857150967880763e-01
9.605525334040706520e-01
9.609564606948145515e-01
9.638727314794532930e-01
9.648635619823254794e-01
9.655491631006423159e-01
9.655522540288669076e-01
9.642271271839913949e-01
9.671579382841513084e-01
9.655828900659076952e-01
9.640016797460739806e-01
9.669038234805659160e-01
9.664996397950781359e-01
9.648499219477366662e-01
9.674363224679590756e-01
9.674379623479861801e-01
9.664929345229644753e-01
9.679090649580722738e-01
9.652802837960906546e-01
9.658242584839744627e-01
9.679989738766172636e-01
9.675774649905709568e-01
9.685466635400081792e-01
9.673734193764784717e-01
9.647229156444140363e-01
9.666423975105715716e-01
9.677147699459970331e-01
9.693026282714743980e-01
9.678650175235181674e-01
9.671189993544159202e-01
9.685890441102219528e-01
9.692108431123295231e-01
9.673846707989122162e-01
9.702545276726949330e-01
9.684212259939016798e-01
9.695624141167408228e-01
9.699819649645420316e-01
9.687262566650857165e-01
9.692317799106229259e-01
9.684915724331818465e-01
9.696435944940555718e-01
9.661067745041469479e-01
9.702682504474554603e-01
9.688111201575839715e-01
9.687963625841574666e-01
9.697864983155178864e-01
9.666046670073641378e-01
9.670370286551689398e-01
9.690614567711091087e-01
9.702129453750197863e-01
9.682340464724982221e-01
9.686146407095255206e-01
9.685138263865485930e-01
9.692514782171143262e-01
9.691715098947891738e-01
9.671534696113361917e-01
9.697997726917714223e-01
9.692727463274193322e-01
9.688515390136348548e-01
9.698838508247793477e-01
9.697287925152885402e-01
9.713786621231275120e-01
9.704356241678044892e-01
9.702822338951524461e-01
9.697310924755832007e-01
9.692648666100127652e-01
9.701373496630697479e-01
9.700607668463437916e-01
9.698754788214285494e-01
9.688941460992905874e-01
9.699242653690307581e-01
9.688000883007691355e-01
9.700653698293514315e-01
9.699334752323313102e-01
9.702575397570080140e-01
9.688054106771514240e-01
9.694471300670440828e-01
9.683782075832425562e-01
9.678400209737928472e-01
9.706263473018315047e-01
9.695911394768201852e-01
9.695065154158838405e-01
9.710070238880508242e-01
9.699882843270324351e-01
9.718900502830798427e-01
9.714885855859495267e-01
9.702088772411179285e-01
9.706882101888917314e-01
9.705907676506251303e-01
9.689232354267310887e-01
9.706800181813169948e-01
9.701025235261165891e-01
9.692967180773878200e-01
9.705986604459073686e-01
9.688588276693190782e-01
9.696240933948711005e-01
9.714551794552210850e-01
9.704889153802875867e-01
9.706965475706130775e-01
9.702919347401144368e-01
9.708216875076469687e-01
9.697144439606893984e-01
9.703194801520078627e-01
9.706433241410495905e-01
9.700904675383755782e-01
9.705499074902027568e-01
9.699294649749045094e-01
9.707212355883487742e-01
9.706330780328221719e-01
9.708173913429759549e-01
9.715128902054896987e-01
9.710168621292852853e-01
9.702692658904704670e-01
9.702098128519461850e-01
9.709578180739880660e-01
9.710095394930744472e-01
9.714406582005972179e-01
9.717525877662507305e-01
9.707254829325407952e-01
9.695821064138379075e-01
9.704744499768674926e-01
9.702086177249519272e-01
9.704282069142782241e-01
9.710953811623959098e-01
9.690530069380703937e-01
9.702668201176858354e-01
9.686449315069213251e-01
9.705232635850424838e-01
9.704131327759063508e-01
9.701711801089933918e-01
9.709793209867170205e-01
9.720203391474447896e-01
9.710548264337046653e-01
9.712457461040049367e-01
9.702773552073636898e-01
9.718669604958767305e-01
9.713327634289899981e-01
9.694573697813910762e-01
9.712596631845291650e-01
9.713648238893193287e-01
9.700210307423949851e-01
9.715397651842443416e-01
9.708294113983242379e-01
9.705722896425870161e-01
9.709551014598528651e-01
9.722166054186545114e-01
9.702200221970235239e-01
9.703792340149918205e-01
9.721495597645766207e-01
9.702787308256423104e-01
9.699962193503345320e-01
9.706203261300435647e-01
9.707777176754683879e-01
9.713427983456182080e-01
9.705336758700148225e-01
9.713998052379926307e-01
9.700941259427874330e-01
9.713560487082167905e-01
9.712354660691678854e-01
9.706582073027717472e-01
9.708170981496822005e-01
9.698140900181555502e-01
9.703530849537063130e-01
9.702851925556753576e-01
9.710159109269258515e-01
9.710550664219887995e-01
9.708190878766296272e-01
9.718683378643883097e-01
9.717966270746151158e-01
9.706954903322917438e-01
9.691556285986143715e-01
9.717809729684476761e-01
9.719717428350240773e-01
9.712145038499220284e-01
9.719140533210733901e-01
9.707713509021427267e-01
9.708774168119034265e-01
9.715996432243880765e-01
9.710003516210526930e-01
9.724180926522174584e-01
9.721690697435305673e-01
9.699608266266396273e-01
9.694021047377708866e-01
9.697485528942544342e-01
9.706418552172666470e-01
9.715960104196690317e-01
9.713611199459309953e-01
9.712040200422319414e-01
9.716284530771424066e-01
9.716006433907341533e-01
9.720894252937901658e-01
9.709144112630215817e-01
9.718284292326830887e-01
9.703925896632388248e-01
9.713564160529505331e-01
