3.263888888888889089e-02
7.528409090909091161e-02
1.203835227272727210e-01
1.379616477272727348e-01
1.525213068181818232e-01
1.725852272727272652e-01
1.894531250000000000e-01
2.043678977272727348e-01
2.246093750000000000e-01
2.297585227272727348e-01
2.567471590909091161e-01
2.713068181818181768e-01
2.867542613636363535e-01
3.096590909090908839e-01
3.316761363636363535e-01
3.714488636363636465e-01
3.785511363636363535e-01
4.185014204545454697e-01
4.479758522727272929e-01
4.751420454545454697e-01
5.127840909090909394e-01
5.353338068181817677e-01
5.710227272727272929e-01
5.921519886363636465e-01
6.173650568181817677e-01
6.578480113636363535e-01
6.770241477272727071e-01
7.095170454545454142e-01
7.366832386363636465e-01
7.551491477272727071e-01
7.682883522727272929e-01
7.865767045454545858e-01
8.039772727272727071e-01
8.233309659090909394e-01
8.332741477272727071e-01
8.460582386363636465e-01
8.602627840909090606e-01
8.714488636363636465e-01
8.812144886363636465e-01
8.913352272727272929e-01
8.989701704545454142e-01
9.076704545454545858e-01
9.087357954545454142e-01
9.153053977272727071e-01
9.227627840909090606e-01
9.305752840909090606e-01
9.328835227272727071e-01
9.335937500000000000e-01
9.362571022727272929e-01
9.446022727272727071e-01
9.469105113636363535e-01
9.504616477272727071e-01
9.508167613636363535e-01
9.561434659090909394e-01
9.580965909090909394e-01
9.557883522727272929e-01
9.564985795454545858e-01
9.593394886363636465e-01
9.616477272727272929e-01
9.584517045454545858e-01
9.666193181818182323e-01
9.664417613636363535e-01
9.628906250000000000e-01
9.623579545454545858e-01
9.671519886363636465e-01
9.708806818181817677e-01
9.707031250000000000e-01
9.689275568181817677e-01
9.685724431818182323e-01
9.733664772727272929e-01
9.726562500000000000e-01
9.694602272727272929e-01
9.708806818181817677e-01
9.715909090909090606e-01
9.694602272727272929e-01
9.762073863636363535e-01
9.749644886363636465e-01
9.728338068181817677e-01
9.781605113636363535e-01
9.726562500000000000e-01
9.744318181818182323e-01
9.760298295454545858e-01
9.762073863636363535e-01
9.765625000000000000e-01
9.778053977272727071e-01
9.730113636363636465e-01
9.756747159090909394e-01
9.774502840909090606e-01
9.781605113636363535e-01
9.767400568181817677e-01
9.765625000000000000e-01
9.786931818181817677e-01
9.790482954545454142e-01
9.779829545454545858e-01
9.818892045454545858e-01
9.778053977272727071e-01
9.802911931818182323e-01
9.795809659090909394e-01
9.769176136363636465e-01
9.797585227272727071e-01
9.795809659090909394e-01
9.799360795454545858e-01
9.758522727272727071e-01
9.804687500000000000e-01
9.808238636363636465e-01
9.797585227272727071e-01
9.810014204545454142e-01
9.753196022727272929e-01
9.781605113636363535e-01
9.817116477272727071e-01
9.817116477272727071e-01
9.783380681818182323e-01
9.788707386363636465e-01
9.778053977272727071e-01
9.778053977272727071e-01
9.794034090909090606e-01
9.760298295454545858e-01
9.783380681818182323e-01
9.794034090909090606e-01
9.797585227272727071e-01
9.817116477272727071e-01
9.817116477272727071e-01
9.838423295454545858e-01
9.833096590909090606e-01
9.824218750000000000e-01
9.806463068181817677e-01
9.813565340909090606e-01
9.802911931818182323e-01
9.817116477272727071e-01
9.795809659090909394e-01
9.792258522727272929e-01
9.808238636363636465e-01
9.804687500000000000e-01
9.797585227272727071e-01
9.811789772727272929e-01
9.822443181818182323e-01
9.811789772727272929e-01
9.802911931818182323e-01
9.794034090909090606e-01
9.783380681818182323e-01
9.824218750000000000e-01
9.797585227272727071e-01
9.797585227272727071e-01
9.841974431818182323e-01
9.822443181818182323e-01
9.854403409090909394e-01
9.845525568181817677e-01
9.818892045454545858e-01
9.825994318181817677e-01
9.829545454545454142e-01
9.804687500000000000e-01
9.820667613636363535e-01
9.806463068181817677e-01
9.804687500000000000e-01
9.817116477272727071e-01
9.817116477272727071e-01
9.808238636363636465e-01
9.843750000000000000e-01
9.825994318181817677e-01
9.825994318181817677e-01
9.836647727272727071e-01
9.843750000000000000e-01
9.820667613636363535e-01
9.824218750000000000e-01
9.838423295454545858e-01
9.820667613636363535e-01
9.833096590909090606e-01
9.822443181818182323e-01
9.822443181818182323e-01
9.825994318181817677e-01
9.836647727272727071e-01
9.834872159090909394e-01
9.840198863636363535e-01
9.822443181818182323e-01
9.838423295454545858e-01
9.831321022727272929e-01
9.838423295454545858e-01
9.850852272727272929e-01
9.849076704545454142e-01
9.829545454545454142e-01
9.813565340909090606e-01
9.831321022727272929e-01
9.822443181818182323e-01
9.825994318181817677e-01
9.834872159090909394e-01
9.808238636363636465e-01
9.811789772727272929e-01
9.822443181818182323e-01
9.827769886363636465e-01
9.840198863636363535e-01
9.824218750000000000e-01
9.838423295454545858e-01
9.845525568181817677e-01
9.854403409090909394e-01
9.833096590909090606e-01
9.841974431818182323e-01
9.840198863636363535e-01
9.843750000000000000e-01
9.827769886363636465e-01
9.831321022727272929e-01
9.852627840909090606e-01
9.825994318181817677e-01
9.840198863636363535e-01
9.845525568181817677e-01
9.850852272727272929e-01
9.836647727272727071e-01
9.863281250000000000e-01
9.833096590909090606e-01
9.829545454545454142e-01
9.861505681818182323e-01
9.824218750000000000e-01
9.825994318181817677e-01
9.827769886363636465e-01
9.833096590909090606e-01
9.838423295454545858e-01
9.831321022727272929e-01
9.836647727272727071e-01
9.813565340909090606e-01
9.822443181818182323e-01
9.847301136363636465e-01
9.833096590909090606e-01
9.833096590909090606e-01
9.818892045454545858e-01
9.829545454545454142e-01
9.824218750000000000e-01
9.840198863636363535e-01
9.836647727272727071e-01
9.850852272727272929e-01
9.838423295454545858e-01
9.856178977272727071e-01
9.831321022727272929e-01
9.820667613636363535e-01
9.843750000000000000e-01
9.861505681818182323e-01
9.850852272727272929e-01
9.850852272727272929e-01
9.836647727272727071e-01
9.850852272727272929e-01
9.849076704545454142e-01
9.840198863636363535e-01
9.863281250000000000e-01
9.859730113636363535e-01
9.820667613636363535e-01
9.820667613636363535e-01
9.827769886363636465e-01
9.838423295454545858e-01
9.838423295454545858e-01
9.850852272727272929e-01
9.847301136363636465e-01
9.840198863636363535e-01
9.859730113636363535e-01
9.852627840909090606e-01
9.833096590909090606e-01
9.850852272727272929e-01
9.831321022727272929e-01
9.850852272727272929e-01
