2.403283320933800593e-01
3.225226144604167455e-01
3.313229144394020387e-01
3.318109005322690819e-01
3.292612733263265978e-01
3.285978088593390356e-01
3.194976349862986287e-01
3.266095147393760501e-01
3.244042166052542031e-01
3.088194251509036037e-01
3.146759820301901489e-01
2.907668394178450910e-01
2.643383117361030599e-01
2.586358044684151092e-01
2.721416202499805093e-01
2.663402000434940131e-01
2.784669367810461149e-01
2.872841015116111563e-01
3.061853036167289099e-01
3.145629202078214504e-01
3.348378126188730208e-01
3.411744474379420078e-01
3.509784265103004786e-01
3.644400027348205784e-01
3.722031928054820304e-01
3.869500742841935348e-01
3.912835119082638258e-01
4.030257712938249415e-01
4.192833649679794661e-01
4.288213097297127741e-01
4.309799494150255428e-01
4.385889650554337660e-01
4.433989465886425951e-01
4.488544953223932432e-01
4.541655264611044740e-01
4.605522677482626892e-01
4.637648330424806176e-01
4.707600433786694460e-01
4.747919630732848617e-01
4.861946760797429268e-01
4.862912578804688413e-01
4.896575871317936368e-01
4.993497890197250988e-01
5.002952914458340672e-01
5.096085324410649653e-01
5.057327596862470909e-01
5.056058854953033865e-01
5.116483619751510670e-01
5.162462368508932142e-01
5.172489527984061031e-01
5.229004527030683969e-01
5.266889000446419722e-01
5.323381591105621480e-01
5.343036305740783698e-01
5.352644147954238596e-01
5.416248325010906139e-01
5.482208029762518642e-01
5.522172373666722756e-01
5.507993684922513067e-01
5.609149817972605145e-01
5.635140931381533713e-01
5.657174100467474709e-01
5.708735106551697802e-01
5.738097342924048938e-01
5.786414118799375617e-01
5.855465411077499516e-01
5.851888823397557449e-01
5.874712359457983091e-01
5.930844790062261840e-01
5.975197619456108500e-01
6.022235734167425969e-01
6.055445171594610043e-01
6.064275712563279574e-01
6.111824808663302022e-01
6.113004861810847901e-01
6.165952782724265502e-01
6.187959198797363669e-01
6.216246623079124678e-01
6.228888787877205901e-01
6.308367146480534648e-01
6.294569073599723952e-01
6.345613674598480358e-01
6.382103388892723661e-01
6.386064095712554733e-01
6.425991493959930523e-01
6.450587653118502462e-01
6.490618801804572957e-01
6.516925935163040418e-01
6.558848743379886992e-01
6.561997712238679670e-01
6.631850761763619095e-01
6.616234879404382374e-01
6.683227238367457357e-01
6.708368850693259278e-01
6.726067617699930112e-01
6.760245160798005193e-01
6.766750796576940230e-01
6.803521443209538111e-01
6.819902644130384495e-01
6.861916684035450631e-01
6.884346787828301562e-01
6.850329518855513555e-01
6.915949228610659416e-01
6.957404869386919488e-01
6.980722571652872022e-01
7.013520630262577438e-01
7.067671877665590019e-01
7.066305447918810323e-01
7.073887105385258112e-01
7.106117311287524219e-01
7.151384508237436100e-01
7.166515422356151133e-01
7.187272468892154098e-01
7.262167161766398538e-01
7.261765469579043453e-01
7.267856067138968035e-01
7.291087016738178050e-01
7.357013258241860143e-01
7.382696065889765569e-01
7.398978090434075172e-01
7.423806706047939574e-01
7.429077713911379499e-01
7.479945128096533447e-01
7.541330610893784980e-01
7.553628900058917406e-01
7.583437960138598166e-01
7.611313372377027653e-01
7.646091605851864648e-01
7.674287030861651759e-01
7.698988148662623265e-01
7.715879725026253411e-01
7.756521141267036512e-01
7.795984925153390810e-01
7.816245948977268432e-01
7.852772712899753760e-01
7.863937972328352011e-01
7.901214944764400894e-01
7.970112021275673753e-01
7.937691421473133113e-01
8.021794339027324972e-01
7.999422271842034915e-01
8.060577402532526081e-01
8.099186715630651845e-01
8.108168550827342669e-01
8.147402275926084458e-01
8.163960066678285221e-01
8.206229524746371240e-01
8.237963362568314629e-01
8.255834069546766907e-01
8.281726820746013740e-01
8.294312933571610369e-01
8.327452248762433618e-01
8.361802712198705967e-01
8.404576124627459732e-01
8.412459351406904595e-01
8.433404939724620242e-01
8.456472824971019708e-01
8.482653839088990511e-01
8.431567448486337879e-01
8.414633086703211529e-01
8.504034219405082196e-01
8.562418963888016599e-01
8.577694441165339967e-01
8.610472671604246786e-01
8.628202891634967342e-01
8.629091889048249309e-01
8.681180684378239087e-01
8.696866163623255819e-01
8.697280698635934115e-01
8.719688652482978641e-01
8.731877804922645314e-01
8.727846050142789025e-01
8.752539779040114931e-01
8.793348276977410727e-01
8.797709767451662444e-01
8.829095489196826518e-01
8.848726367849499841e-01
8.766412136052468274e-01
8.727667938564913630e-01
8.806585364973951169e-01
8.829172233695059546e-01
8.883550137215826537e-01
8.898057726926660305e-01
8.939150066568635200e-01
8.940914863351048236e-01
8.975020427836168935e-01
8.970803923267910429e-01
8.991229909586587743e-01
9.012350930405053084e-01
9.035078291088475266e-01
9.029646267827565742e-01
9.050617033782256682e-01
9.065694933064227801e-01
9.067421251380382019e-01
9.100763405234751913e-01
9.112704724027294034e-01
9.099094648604482138e-01
9.138030742725108402e-01
9.072038981401133739e-01
9.078733573633761544e-01
9.138392435715173567e-01
9.186279910384926861e-01
9.185877542204468060e-01
9.203834576173383075e-01
9.194479237518141668e-01
9.230736054882463515e-01
9.249935679306070524e-01
9.248035360918632763e-01
9.255351052123960143e-01
9.282868355158694351e-01
9.284854150259135297e-01
9.291674663178324245e-01
9.312638930626331302e-01
9.311591755293874284e-01
9.338520508541511278e-01
9.335634177778646681e-01
9.354669411168999860e-01
9.349728748493845165e-01
9.371309917236494424e-01
9.353654829243702729e-01
9.374342612980275380e-01
9.374130940821489011e-01
9.386314094516988726e-01
9.385710264817808124e-01
9.408456714124004971e-01
9.401836683597005750e-01
9.424690049986198526e-01
9.412274072460440344e-01
9.422246826860030122e-01
9.427542408552807007e-01
9.433474604826056487e-01
9.436536762260173683e-01
9.429699402215915294e-01
9.446152724017050639e-01
9.421102022526319786e-01
9.325764410497354717e-01
9.399595688775777003e-01
9.453107514632488328e-01
9.479606981219091955e-01
9.494971722151698268e-01
9.504163701512988727e-01
9.507233369917027499e-01
9.503389263335346726e-01
9.525640024579540288e-01
9.505817708357553464e-01
9.528061425016650654e-01
9.522704652602010933e-01
9.526475433272429960e-01
9.537965232565348561e-01
9.547565290874238109e-01
9.538928615351718321e-01
9.543148022020481180e-01
9.556614620313356179e-01
9.552964163953148180e-01
9.549908337009898052e-01
9.561387066650680611e-01
9.576805953887259637e-01
9.574731094017308042e-01
9.581633512576002154e-01
9.574151990632667752e-01
9.572949771272794006e-01
9.602302964595353929e-01
9.583801906405176041e-01
9.594694952489749573e-01
9.592134925397290957e-01
9.592549550157214444e-01
9.598252716152663178e-01
9.601046245269099222e-01
9.602479279397085898e-01
9.602234976982760850e-01
9.582498725198838052e-01
9.581416363357525556e-01
9.600183069162564475e-01
9.606079657700572483e-01
9.612122323849394689e-01
9.614710001254844762e-01
9.619859062610255362e-01
9.628714476847248793e-01
9.620686631906575359e-01
9.624954654900012008e-01
9.628915996861355797e-01
9.628147958049372290e-01
9.641205300723567628e-01
9.641773581098893597e-01
9.634529321725407991e-01
9.634656347169296975e-01
9.638623932620506984e-01
9.653497495593484912e-01
9.635425308691712987e-01
9.632188811851607468e-01
9.639452821698245577e-01
9.643787827092326070e-01
9.647621697623612880e-01
9.637961478508938473e-01
9.646677834540965391e-01
9.657834497793635897e-01
9.640193414360544999e-01
9.649556969214057034e-01
9.646549193983506854e-01
9.652257997642957887e-01
