 0.050480769230769232)
 0.083984375)
 0.12955729166666666)
 0.13541666666666666)
 0.16341145833333334)
 0.166015625)
 0.181640625)
 0.20052083333333334)
 0.19596354166666666)
 0.20768229166666666)
 0.17838541666666666)
 0.19986979166666666)
 0.20052083333333334)
 0.18619791666666666)
 0.21354166666666666)
 0.18489583333333334)
 0.19205729166666666)
 0.205078125)
 0.18619791666666666)
 0.19661458333333334)
 0.20442708333333334)
 0.20182291666666666)
 0.189453125)
 0.1875)
 0.20182291666666666)
 0.212890625)
 0.205078125)
 0.20638020833333334)
 0.197265625)
 0.205078125)
 0.22200520833333334)
 0.20052083333333334)
 0.19401041666666666)
 0.20833333333333334)
 0.205078125)
 0.20703125)
 0.19986979166666666)
 0.20182291666666666)
 0.20768229166666666)
 0.20182291666666666)
 0.20247395833333334)
 0.20377604166666666)
 0.20182291666666666)
 0.21744791666666666)
 0.193359375)
 0.193359375)
 0.19075520833333334)
 0.21419270833333334)
 0.19596354166666666)
 0.19986979166666666)
