 0.043817934782608696
 0.073958333333333334
 0.12256944444444444
 0.14826388888888889
 0.15815972222222222
 0.1953125
 0.21249999999999999
 0.23524305555555555
 0.26510416666666664
 0.28697916666666667
 0.29947916666666669
 0.33888888888888891
 0.36927083333333333
 0.40381944444444445
 0.44791666666666669
 0.48177083333333331
 0.50659722222222225
 0.54600694444444442
 0.5854166666666667
 0.61041666666666672
 0.65590277777777772
 0.68177083333333333
 0.71545138888888893
 0.74392361111111116
 0.76718750000000002
 0.79201388888888891
 0.8100694444444444
 0.83177083333333335
 0.8461805555555556
 0.85729166666666667
 0.86388888888888893
 0.87187499999999996
 0.88472222222222219
 0.89583333333333337
 0.90225694444444449
 0.91180555555555554
 0.91822916666666665
 0.91892361111111109
 0.92517361111111107
 0.92100694444444442
 0.93125000000000002
 0.93663194444444442
 0.93680555555555556
 0.93906250000000002
 0.94236111111111109
 0.94861111111111107
 0.94027777777777777
 0.94565972222222228
 0.95034722222222223
 0.94930555555555551
