7.924107142857142461e-02
1.460336538461538547e-01
1.634615384615384637e-01
1.736778846153846090e-01
1.778846153846153910e-01
1.862980769230769273e-01
1.875000000000000000e-01
1.802884615384615363e-01
2.127403846153846090e-01
2.019230769230769273e-01
2.079326923076923184e-01
2.055288461538461453e-01
2.163461538461538547e-01
2.199519230769230727e-01
2.031250000000000000e-01
2.229567307692307820e-01
2.103365384615384637e-01
2.115384615384615363e-01
2.295673076923076816e-01
2.139423076923076816e-01
2.163461538461538547e-01
2.271634615384615363e-01
2.115384615384615363e-01
2.145432692307692180e-01
2.295673076923076816e-01
2.337740384615384637e-01
2.187500000000000000e-01
2.259615384615384637e-01
2.259615384615384637e-01
2.265625000000000000e-01
2.355769230769230727e-01
2.349759615384615363e-01
2.325721153846153910e-01
2.355769230769230727e-01
2.475961538461538547e-01
2.391826923076923184e-01
2.427884615384615363e-01
2.487980769230769273e-01
2.385817307692307820e-01
2.349759615384615363e-01
2.421875000000000000e-01
2.391826923076923184e-01
2.469951923076923184e-01
2.451923076923076816e-01
2.433894230769230727e-01
2.487980769230769273e-01
2.481971153846153910e-01
2.530048076923077094e-01
2.457932692307692180e-01
2.421875000000000000e-01
2.572115384615384359e-01
2.463942307692307820e-01
2.506009615384615641e-01
2.469951923076923184e-01
2.433894230769230727e-01
2.512019230769230727e-01
2.481971153846153910e-01
2.343750000000000000e-01
2.626201923076922906e-01
2.457932692307692180e-01
2.457932692307692180e-01
2.506009615384615641e-01
2.475961538461538547e-01
2.475961538461538547e-01
2.500000000000000000e-01
2.457932692307692180e-01
2.566105769230769273e-01
2.469951923076923184e-01
2.457932692307692180e-01
2.475961538461538547e-01
2.548076923076922906e-01
2.542067307692307820e-01
2.439903846153846090e-01
2.487980769230769273e-01
2.596153846153846367e-01
2.475961538461538547e-01
2.668269230769230727e-01
2.530048076923077094e-01
2.608173076923077094e-01
2.590144230769230727e-01
2.602163461538461453e-01
2.602163461538461453e-01
2.572115384615384359e-01
2.554086538461538547e-01
2.463942307692307820e-01
2.590144230769230727e-01
2.457932692307692180e-01
2.566105769230769273e-01
2.518028846153846367e-01
2.463942307692307820e-01
2.518028846153846367e-01
2.427884615384615363e-01
2.584134615384615641e-01
2.584134615384615641e-01
2.512019230769230727e-01
2.469951923076923184e-01
2.566105769230769273e-01
2.632211538461538547e-01
2.391826923076923184e-01
2.524038461538461453e-01
2.608173076923077094e-01
2.493990384615384637e-01
2.463942307692307820e-01
2.518028846153846367e-01
2.620192307692307820e-01
2.493990384615384637e-01
2.542067307692307820e-01
2.493990384615384637e-01
2.602163461538461453e-01
2.457932692307692180e-01
2.487980769230769273e-01
2.644230769230769273e-01
2.493990384615384637e-01
2.632211538461538547e-01
2.608173076923077094e-01
2.475961538461538547e-01
2.518028846153846367e-01
2.644230769230769273e-01
2.560096153846153633e-01
2.403846153846153910e-01
2.680288461538461453e-01
2.506009615384615641e-01
2.536057692307692180e-01
2.578125000000000000e-01
2.493990384615384637e-01
2.662259615384615641e-01
2.554086538461538547e-01
2.391826923076923184e-01
2.512019230769230727e-01
2.524038461538461453e-01
2.548076923076922906e-01
2.487980769230769273e-01
2.512019230769230727e-01
2.481971153846153910e-01
2.572115384615384359e-01
2.542067307692307820e-01
2.463942307692307820e-01
2.656250000000000000e-01
2.512019230769230727e-01
2.536057692307692180e-01
2.530048076923077094e-01
2.572115384615384359e-01
2.457932692307692180e-01
2.530048076923077094e-01
2.602163461538461453e-01
2.481971153846153910e-01
2.512019230769230727e-01
2.518028846153846367e-01
2.469951923076923184e-01
2.650240384615384359e-01
2.385817307692307820e-01
2.403846153846153910e-01
2.475961538461538547e-01
2.548076923076922906e-01
2.554086538461538547e-01
2.530048076923077094e-01
2.602163461538461453e-01
2.512019230769230727e-01
2.487980769230769273e-01
2.554086538461538547e-01
2.415865384615384637e-01
2.560096153846153633e-01
2.463942307692307820e-01
2.560096153846153633e-01
2.481971153846153910e-01
2.506009615384615641e-01
2.548076923076922906e-01
2.596153846153846367e-01
2.481971153846153910e-01
2.493990384615384637e-01
2.554086538461538547e-01
2.524038461538461453e-01
2.524038461538461453e-01
2.481971153846153910e-01
2.530048076923077094e-01
2.572115384615384359e-01
2.548076923076922906e-01
2.554086538461538547e-01
2.415865384615384637e-01
2.536057692307692180e-01
2.415865384615384637e-01
2.566105769230769273e-01
2.493990384615384637e-01
2.487980769230769273e-01
2.536057692307692180e-01
2.487980769230769273e-01
2.518028846153846367e-01
2.530048076923077094e-01
2.554086538461538547e-01
2.367788461538461453e-01
2.512019230769230727e-01
2.518028846153846367e-01
2.566105769230769273e-01
2.481971153846153910e-01
2.500000000000000000e-01
2.481971153846153910e-01
2.493990384615384637e-01
2.373798076923076816e-01
2.487980769230769273e-01
2.512019230769230727e-01
2.451923076923076816e-01
2.602163461538461453e-01
2.463942307692307820e-01
2.439903846153846090e-01
2.542067307692307820e-01
2.518028846153846367e-01
2.584134615384615641e-01
2.662259615384615641e-01
2.457932692307692180e-01
2.506009615384615641e-01
2.554086538461538547e-01
2.542067307692307820e-01
2.500000000000000000e-01
2.590144230769230727e-01
2.590144230769230727e-01
2.530048076923077094e-01
2.548076923076922906e-01
2.487980769230769273e-01
2.542067307692307820e-01
2.524038461538461453e-01
2.493990384615384637e-01
2.433894230769230727e-01
2.391826923076923184e-01
2.439903846153846090e-01
2.578125000000000000e-01
2.481971153846153910e-01
2.500000000000000000e-01
2.493990384615384637e-01
2.542067307692307820e-01
2.518028846153846367e-01
2.638221153846153633e-01
2.500000000000000000e-01
2.536057692307692180e-01
2.500000000000000000e-01
2.427884615384615363e-01
2.554086538461538547e-01
2.512019230769230727e-01
2.560096153846153633e-01
2.614182692307692180e-01
2.536057692307692180e-01
2.578125000000000000e-01
2.536057692307692180e-01
2.608173076923077094e-01
2.578125000000000000e-01
2.572115384615384359e-01
2.542067307692307820e-01
2.632211538461538547e-01
2.463942307692307820e-01
2.536057692307692180e-01
2.548076923076922906e-01
2.530048076923077094e-01
2.566105769230769273e-01
2.427884615384615363e-01
2.433894230769230727e-01
2.445913461538461453e-01
2.614182692307692180e-01
