5.225694444444444614e-02
1.544744318181818232e-01
2.381036931818181768e-01
2.956321022727272929e-01
3.401988636363636465e-01
3.730468750000000000e-01
4.117542613636363535e-01
4.366122159090908839e-01
4.738991477272727071e-01
5.049715909090909394e-01
5.353338068181817677e-01
5.553977272727272929e-01
5.719105113636363535e-01
6.006747159090909394e-01
6.287286931818182323e-01
6.448863636363636465e-01
6.580255681818182323e-01
6.741832386363636465e-01
6.908735795454545858e-01
7.121803977272727071e-01
7.249644886363636465e-01
7.301136363636363535e-01
7.436079545454545858e-01
7.610085227272727071e-01
7.762784090909090606e-01
7.848011363636363535e-01
7.942116477272727071e-01
8.009588068181817677e-01
8.036221590909090606e-01
8.235085227272727071e-01
8.334517045454545858e-01
8.357599431818182323e-01
8.490767045454545858e-01
8.467684659090909394e-01
8.600852272727272929e-01
8.659446022727272929e-01
8.673650568181817677e-01
8.721590909090909394e-01
8.769531250000000000e-01
8.831676136363636465e-01
8.877840909090909394e-01
8.924005681818182323e-01
9.034090909090909394e-01
8.991477272727272929e-01
9.032315340909090606e-01
9.089133522727272929e-01
9.048295454545454142e-01
9.053622159090909394e-01
9.137073863636363535e-01
9.158380681818182323e-01
9.188565340909090606e-01
9.190340909090909394e-01
9.264914772727272929e-01
9.243607954545454142e-01
9.266690340909090606e-01
9.284446022727272929e-01
9.307528409090909394e-01
9.348366477272727071e-01
9.339488636363636465e-01
9.398082386363636465e-01
9.369673295454545858e-01
9.380326704545454142e-01
9.346590909090909394e-01
9.387428977272727071e-01
9.417613636363636465e-01
9.415838068181817677e-01
9.396306818181817677e-01
9.442471590909090606e-01
9.483309659090909394e-01
9.509943181818182323e-01
9.469105113636363535e-01
9.492187500000000000e-01
9.460227272727272929e-01
9.481534090909090606e-01
9.522372159090909394e-01
9.497514204545454142e-01
9.495738636363636465e-01
9.522372159090909394e-01
9.545454545454545858e-01
9.564985795454545858e-01
9.568536931818182323e-01
9.605823863636363535e-01
9.628906250000000000e-01
9.639559659090909394e-01
9.621803977272727071e-01
9.559659090909090606e-01
9.632457386363636465e-01
9.607599431818182323e-01
9.644886363636363535e-01
9.644886363636363535e-01
9.664417613636363535e-01
9.651988636363636465e-01
9.676846590909090606e-01
9.651988636363636465e-01
9.666193181818182323e-01
9.675071022727272929e-01
9.696377840909090606e-01
9.673295454545454142e-01
9.675071022727272929e-01
9.708806818181817677e-01
9.698153409090909394e-01
9.703480113636363535e-01
9.728338068181817677e-01
9.719460227272727071e-01
9.669744318181817677e-01
9.687500000000000000e-01
9.678622159090909394e-01
9.680397727272727071e-01
9.667968750000000000e-01
9.664417613636363535e-01
9.655539772727272929e-01
9.701704545454545858e-01
9.730113636363636465e-01
9.730113636363636465e-01
9.717684659090909394e-01
9.715909090909090606e-01
9.692826704545454142e-01
9.715909090909090606e-01
9.703480113636363535e-01
9.595170454545454142e-01
9.582741477272727071e-01
9.641335227272727071e-01
9.676846590909090606e-01
9.699928977272727071e-01
9.676846590909090606e-01
9.744318181818182323e-01
9.731889204545454142e-01
9.735440340909090606e-01
9.779829545454545858e-01
9.788707386363636465e-01
9.763849431818182323e-01
9.737215909090909394e-01
9.747869318181817677e-01
9.740767045454545858e-01
9.751420454545454142e-01
9.778053977272727071e-01
9.723011363636363535e-01
9.758522727272727071e-01
9.753196022727272929e-01
9.802911931818182323e-01
9.810014204545454142e-01
9.756747159090909394e-01
9.811789772727272929e-01
9.810014204545454142e-01
9.786931818181817677e-01
9.797585227272727071e-01
9.754971590909090606e-01
9.747869318181817677e-01
9.751420454545454142e-01
9.744318181818182323e-01
9.746093750000000000e-01
9.738991477272727071e-01
9.691051136363636465e-01
9.730113636363636465e-01
9.715909090909090606e-01
9.719460227272727071e-01
9.680397727272727071e-01
9.708806818181817677e-01
9.662642045454545858e-01
9.682173295454545858e-01
9.689275568181817677e-01
9.715909090909090606e-01
9.746093750000000000e-01
9.749644886363636465e-01
9.776278409090909394e-01
9.817116477272727071e-01
9.806463068181817677e-01
9.774502840909090606e-01
9.802911931818182323e-01
9.790482954545454142e-01
9.765625000000000000e-01
9.769176136363636465e-01
9.772727272727272929e-01
9.778053977272727071e-01
9.790482954545454142e-01
9.742542613636363535e-01
9.788707386363636465e-01
9.792258522727272929e-01
9.740767045454545858e-01
9.735440340909090606e-01
9.758522727272727071e-01
9.781605113636363535e-01
9.797585227272727071e-01
9.801136363636363535e-01
9.795809659090909394e-01
9.769176136363636465e-01
9.794034090909090606e-01
9.825994318181817677e-01
9.818892045454545858e-01
9.806463068181817677e-01
9.783380681818182323e-01
9.797585227272727071e-01
9.767400568181817677e-01
9.765625000000000000e-01
9.815340909090909394e-01
9.772727272727272929e-01
9.808238636363636465e-01
9.786931818181817677e-01
9.795809659090909394e-01
9.772727272727272929e-01
9.770951704545454142e-01
9.749644886363636465e-01
9.689275568181817677e-01
9.694602272727272929e-01
9.728338068181817677e-01
9.719460227272727071e-01
9.772727272727272929e-01
9.783380681818182323e-01
9.802911931818182323e-01
9.801136363636363535e-01
9.841974431818182323e-01
9.843750000000000000e-01
9.834872159090909394e-01
9.857954545454545858e-01
9.820667613636363535e-01
9.847301136363636465e-01
9.815340909090909394e-01
9.829545454545454142e-01
9.825994318181817677e-01
9.813565340909090606e-01
9.817116477272727071e-01
9.836647727272727071e-01
9.818892045454545858e-01
9.760298295454545858e-01
9.794034090909090606e-01
9.785156250000000000e-01
9.799360795454545858e-01
9.778053977272727071e-01
9.781605113636363535e-01
9.799360795454545858e-01
9.792258522727272929e-01
9.818892045454545858e-01
9.799360795454545858e-01
9.813565340909090606e-01
9.786931818181817677e-01
9.788707386363636465e-01
9.801136363636363535e-01
9.765625000000000000e-01
9.753196022727272929e-01
9.778053977272727071e-01
9.810014204545454142e-01
9.792258522727272929e-01
9.820667613636363535e-01
9.813565340909090606e-01
9.824218750000000000e-01
9.797585227272727071e-01
9.790482954545454142e-01
9.813565340909090606e-01
9.801136363636363535e-01
9.792258522727272929e-01
9.804687500000000000e-01
9.760298295454545858e-01
9.772727272727272929e-01
9.799360795454545858e-01
9.783380681818182323e-01
9.797585227272727071e-01
