3.162247890264331396e-01
4.378114449771879357e-01
5.260484564159900733e-01
5.774401134898279331e-01
6.064130184497382725e-01
6.279217129810049647e-01
6.576365081795101375e-01
6.732630201580899199e-01
6.955261609102590947e-01
7.161534944701897221e-01
7.311715682497296198e-01
7.456385176092045208e-01
7.583814116233777991e-01
7.724519755771361851e-01
7.863763069537818007e-01
7.943571997105702831e-01
8.009915444535385953e-01
8.141417717420863509e-01
8.224292593696893583e-01
8.335647612591533528e-01
8.397100258902939762e-01
8.430702108747438750e-01
8.501217388431006050e-01
8.622311040539270000e-01
8.689881369093477304e-01
8.752998269406727649e-01
8.800427502547409908e-01
8.857510723533976726e-01
8.850584213372952869e-01
8.936032472200446941e-01
9.025802643938997116e-01
9.025011938963465319e-01
9.100392014903401217e-01
9.092386980499512772e-01
9.134230711535794578e-01
9.188013504093408557e-01
9.191676189187030221e-01
9.210961832948001415e-01
9.220793422754847146e-01
9.267327029580013642e-01
9.281694532176363310e-01
9.299803684414356120e-01
9.368827366046376115e-01
9.339274764738086931e-01
9.383336977496458120e-01
9.400375960882715320e-01
9.363456338611416685e-01
9.358384240877944960e-01
9.413044961739702732e-01
9.404761166476593992e-01
9.445372381380596760e-01
9.425076319250407231e-01
9.471253073132838152e-01
9.459514889822929762e-01
9.470168372382720134e-01
9.472991376840463884e-01
9.478356268655081518e-01
9.513551174884306016e-01
9.502058411301593788e-01
9.542088410625282346e-01
9.510541898433737540e-01
9.514893109393840476e-01
9.498937538226099875e-01
9.512585664805535135e-01
9.522289992663008906e-01
9.519760375213425219e-01
9.516121952824604380e-01
9.535630368560199521e-01
9.544829011860901380e-01
9.568565234867667524e-01
9.552962958785307102e-01
9.561420596505039171e-01
9.551465645041173902e-01
9.544200153012315502e-01
9.578049320766246488e-01
9.572863037098036099e-01
9.563304294245563719e-01
9.579303668769457714e-01
9.578387567281974047e-01
9.604179319284963379e-01
9.584862190685741190e-01
9.614716816212668382e-01
9.622750271795753596e-01
9.629764621739842489e-01
9.616130219880607566e-01
9.571276765538202502e-01
9.623211618787831378e-01
9.603644699356755909e-01
9.614258062866885002e-01
9.619773822497530436e-01
9.620450992577326277e-01
9.624874232185327561e-01
9.631090135144625419e-01
9.614580300320598738e-01
9.623013508724361786e-01
9.633201209479965721e-01
9.650937088946369702e-01
9.627931564911693663e-01
9.643708214779860288e-01
9.652191814588287899e-01
9.643594069899225074e-01
9.640920791356966113e-01
9.652846234677688875e-01
9.657361364789401881e-01
9.628352160336887122e-01
9.634090933321790562e-01
9.625766118090942625e-01
9.612947326106604518e-01
9.619949251963264558e-01
9.627201812108382439e-01
9.619408552352969322e-01
9.627356387819040462e-01
9.654284015308048916e-01
9.651452110401027573e-01
9.646475400886027618e-01
9.642542756943051074e-01
9.626038118110791242e-01
9.648011161129321778e-01
9.638174862859321124e-01
9.565623878592689477e-01
9.578967729045302359e-01
9.599861712998466468e-01
9.617006104169734115e-01
9.630641726806066227e-01
9.616812176362379283e-01
9.646992467337296429e-01
9.646185487257397106e-01
9.656920009422880202e-01
9.680482453668797227e-01
9.678334656474232300e-01
9.667169554263999043e-01
9.640858462465884404e-01
9.661480950076575258e-01
9.657107184222538665e-01
9.668536721372252840e-01
9.671848840384048573e-01
9.647995502034545368e-01
9.666796444478502615e-01
9.668702910587141375e-01
9.685914902058835318e-01
9.694982222085509749e-01
9.665922943585774085e-01
9.686502068127449405e-01
9.689248185996452989e-01
9.675618245230551695e-01
9.677607929589968627e-01
9.661540917657606142e-01
9.670992609027859732e-01
9.653591886057486526e-01
9.658140343067497247e-01
9.651390331087070784e-01
9.657571446885327981e-01
9.631172628027044880e-01
9.642934091482489034e-01
9.633898086313775755e-01
9.631897538762520528e-01
9.612153859677544654e-01
9.629084443927615755e-01
9.617288531206303892e-01
9.613552589834445383e-01
9.613932444128562294e-01
9.630559958576064838e-01
9.651923780009293852e-01
9.661761083209007284e-01
9.666983899473535757e-01
9.696376954219206867e-01
9.687043637646888250e-01
9.666750607715688393e-01
9.676564691916096361e-01
9.682170667816502041e-01
9.665953876308770454e-01
9.670014632054718673e-01
9.661668435225279072e-01
9.668992820131075971e-01
9.684182974005055566e-01
9.654940553817332738e-01
9.672638312246145675e-01
9.676242429680262935e-01
9.654679797791351215e-01
9.638007083466222369e-01
9.662273950357026520e-01
9.677535836840742700e-01
9.684049233253020361e-01
9.688741243260982072e-01
9.681284782589256732e-01
9.661334732537968373e-01
9.689966237582541275e-01
9.694146505936097613e-01
9.694075531892476505e-01
9.693337668459083289e-01
9.669131612548854671e-01
9.667577167142912264e-01
9.668189622018334983e-01
9.672406468500626131e-01
9.691713439743945280e-01
9.667366973284861054e-01
9.700639749263378908e-01
9.673856245234255802e-01
9.679201792577504238e-01
9.673237993470176210e-01
9.665962469894526787e-01
9.662233408793368117e-01
9.606660728326474885e-01
9.622976156735068010e-01
9.640389975944796408e-01
9.634770435616943907e-01
9.672386866059736743e-01
9.679552168970946280e-01
9.691429305706070751e-01
9.688225937639333152e-01
9.700749372684650540e-01
9.709060049762417988e-01
9.703669206143215042e-01
9.717966711628630572e-01
9.692577594775720895e-01
9.709442718622272039e-01
9.695866205912631042e-01
9.697229824311883739e-01
9.697169245569502438e-01
9.694468436558204560e-01
9.691405675291120403e-01
9.697046924339512985e-01
9.689451381151036324e-01
9.668121326043365160e-01
9.681938088527524133e-01
9.685331783661946803e-01
9.682129375354660006e-01
9.670161131358419038e-01
9.670220927298355251e-01
9.677856825616686365e-01
9.680161401783481390e-01
9.682905807351874783e-01
9.678773995702961708e-01
9.692541810279597936e-01
9.665813413383069763e-01
9.678931539272097595e-01
9.675474381029632864e-01
9.660546015378163043e-01
9.658523511387275828e-01
9.669802139388639084e-01
9.690133502885796002e-01
9.683035839887579321e-01
9.698471625851041722e-01
9.695438407228003097e-01
9.694038280026965326e-01
9.679481906420686066e-01
9.683710092585319229e-01
9.693406737958361052e-01
9.684648672171525252e-01
9.678676279397611104e-01
9.690108067986642482e-01
9.669784100948785044e-01
9.666563224793121023e-01
9.687884215048760961e-01
9.679994440625327989e-01
9.680070236826102681e-01
