2.857648616434709798e-01
3.293665915144916023e-01
2.888283461913794814e-01
3.555335228799055280e-01
4.028460123223774891e-01
4.368937954058359496e-01
4.672352946818410513e-01
4.958433417453558256e-01
5.236301135940863993e-01
5.529623833012328182e-01
5.638789698120668659e-01
5.801696437332292122e-01
6.035994459460922723e-01
6.235193475035155641e-01
6.419270681224112929e-01
6.573142137052082612e-01
6.774987101837992576e-01
6.965168391445787366e-01
7.190967975408273372e-01
7.372577099370912768e-01
7.561071004309666277e-01
7.831706395528204023e-01
7.909301395086346664e-01
8.091790081097243181e-01
8.300801089366797170e-01
8.507012069786491493e-01
8.621372043273520802e-01
8.750308141709016718e-01
8.814410347699098702e-01
8.900597638082182739e-01
9.069631388472223499e-01
9.088589378385120154e-01
9.124373916117928252e-01
9.139952175957701819e-01
9.144902959699671152e-01
9.277798144560581717e-01
9.358353884070809148e-01
9.411145371663888204e-01
9.390189986070046624e-01
9.408204693943765795e-01
9.443062695330874945e-01
9.483509661070049779e-01
9.461363257985149211e-01
9.525719446763362130e-01
9.536978328483047829e-01
9.509764266386439013e-01
9.517533066925953911e-01
9.524141343783053548e-01
9.556335963508302278e-01
9.555720361431764287e-01
