4.807692307692307959e-02
4.817708333333333565e-02
1.145833333333333287e-01
1.295572916666666574e-01
1.341145833333333426e-01
1.373697916666666574e-01
1.588541666666666574e-01
1.647135416666666574e-01
1.907552083333333426e-01
1.757812500000000000e-01
1.861979166666666574e-01
1.881510416666666574e-01
2.115885416666666574e-01
1.699218750000000000e-01
1.888020833333333426e-01
2.024739583333333426e-01
1.972656250000000000e-01
2.005208333333333426e-01
2.057291666666666574e-01
1.985677083333333426e-01
1.940104166666666574e-01
1.946614583333333426e-01
1.842447916666666574e-01
2.031250000000000000e-01
1.940104166666666574e-01
2.063802083333333426e-01
1.875000000000000000e-01
2.076822916666666574e-01
2.057291666666666574e-01
2.018229166666666574e-01
2.076822916666666574e-01
1.888020833333333426e-01
1.940104166666666574e-01
1.972656250000000000e-01
2.161458333333333426e-01
2.063802083333333426e-01
1.979166666666666574e-01
2.063802083333333426e-01
1.953125000000000000e-01
2.031250000000000000e-01
2.044270833333333426e-01
2.005208333333333426e-01
1.985677083333333426e-01
2.011718750000000000e-01
1.979166666666666574e-01
1.894531250000000000e-01
2.024739583333333426e-01
2.011718750000000000e-01
2.122395833333333426e-01
2.024739583333333426e-01
