3.702445652173912832e-02
6.597222222222222376e-02
7.708333333333333703e-02
1.348958333333333259e-01
1.491319444444444420e-01
1.623263888888888951e-01
1.744791666666666574e-01
1.871527777777777790e-01
2.140624999999999889e-01
2.345486111111111105e-01
2.532986111111111271e-01
2.706597222222222321e-01
2.979166666666666630e-01
3.296875000000000222e-01
3.520833333333333592e-01
3.836805555555555802e-01
4.211805555555555580e-01
4.526041666666666408e-01
4.949652777777777679e-01
5.321180555555555802e-01
5.671874999999999556e-01
6.102430555555555802e-01
6.338541666666667185e-01
6.690972222222222321e-01
7.057291666666666297e-01
7.421875000000000000e-01
7.692708333333333481e-01
7.940972222222222321e-01
8.111111111111111160e-01
8.249999999999999556e-01
8.553819444444444864e-01
8.618055555555556024e-01
8.649305555555555358e-01
8.743055555555555580e-01
8.744791666666666963e-01
8.989583333333333037e-01
9.149305555555555802e-01
9.244791666666666297e-01
9.243055555555556024e-01
9.309027777777777457e-01
9.312500000000000222e-01
9.435763888888888395e-01
9.401041666666666297e-01
9.473958333333333259e-01
9.541666666666667185e-01
9.479166666666666297e-01
9.491319444444444864e-01
9.519097222222222543e-01
9.545138888888888840e-01
9.571180555555555136e-01
